1.236988e+00 6.793263e-01 5.679072e+00 1.000011e+00 5.689963e-03
-6.939659e-02 -1.109737e+00 5.240726e+00 1.000003e+00 1.717611e-03
-9.830608e-01 -5.341073e-01 4.673607e+00 1.000002e+00 8.097998e-04
-3.769478e-01 -1.158044e+00 6.054380e+00 1.000002e+00 9.078732e-04
-1.522515e+00 1.524833e+00 4.290139e+00 1.000005e+00 2.504456e-03
1.793199e+00 -5.234472e-01 4.385412e+00 1.000002e+00 1.264816e-03
-3.531144e-01 -1.891808e+00 6.141420e+00 1.000001e+00 5.769599e-04
-7.723510e-01 -3.159249e-01 3.311133e+00 1.000005e+00 2.592448e-03
-6.378135e-01 1.836703e+00 5.308779e+00 1.000010e+00 4.893002e-03
1.646591e+00 2.709385e-01 5.692792e+00 1.000001e+00 5.800132e-04
1.896180e+00 7.106602e-01 5.394681e+00 1.000016e+00 8.252674e-03
-1.459004e-01 -1.826540e+00 4.838182e+00 1.000008e+00 4.025515e-03
-1.410939e+00 -2.211457e-01 3.543800e+00 1.000003e+00 1.430912e-03
1.401408e+00 -1.562842e-01 5.784325e+00 1.000002e+00 1.057481e-03
1.241280e+00 -1.686211e+00 4.781896e+00 1.000002e+00 1.188665e-03
-1.519642e+00 -1.307350e+00 5.822097e+00 1.000007e+00 3.361490e-03
9.471814e-01 -1.213157e+00 4.061776e+00 1.000007e+00 3.823735e-03
-2.484498e-01 8.216352e-01 3.821515e+00 1.000005e+00 2.389435e-03
7.778194e-01 -1.054005e+00 3.349420e+00 1.000003e+00 1.496777e-03
3.392848e-01 -8.377883e-01 3.632901e+00 1.000011e+00 5.601565e-03
-7.804307e-01 -3.070432e-01 3.561916e+00 1.000004e+00 1.927279e-03
8.845730e-01 1.599087e+00 4.857776e+00 1.000002e+00 8.252500e-04
6.239450e-01 -1.865873e-01 5.391560e+00 1.000015e+00 7.813775e-03
-1.378557e-01 1.354677e+00 4.025641e+00 1.000001e+00 4.797733e-04
-2.267793e-01 -8.997359e-01 3.542762e+00 1.000007e+00 3.327443e-03
1.950311e+00 -3.106025e-01 4.811729e+00 1.000015e+00 7.432830e-03
5.989712e-01 -8.650240e-02 6.594915e+00 1.000003e+00 1.468499e-03
9.619020e-01 1.483253e+00 6.137890e+00 1.000006e+00 2.939761e-03
1.377326e+00 1.401760e+00 6.070589e+00 1.000011e+00 5.813936e-03
-1.733889e-01 1.547780e-01 4.198206e+00 1.000005e+00 2.715130e-03
4.532181e-01 -1.042077e+00 5.462878e+00 1.000002e+00 1.088532e-03
-1.423860e-01 1.002991e+00 6.686024e+00 1.000003e+00 1.549650e-03
-1.472145e-01 3.395776e-01 7.120395e+00 1.000001e+00 6.958277e-04
1.355791e+00 1.235691e+00 5.428159e+00 1.000003e+00 1.281930e-03
-4.778996e-01 1.820474e+00 4.402161e+00 1.000004e+00 1.994029e-03
-3.207800e-01 -7.146499e-01 5.552499e+00 1.000001e+00 3.420114e-04
-6.131111e-01 1.358347e-01 4.966031e+00 1.000001e+00 5.817818e-04
1.085929e+00 -1.354928e+00 5.115029e+00 1.000005e+00 2.348107e-03
1.477007e+00 6.490811e-01 5.289767e+00 1.000001e+00 5.272897e-04
-1.497116e+00 9.558913e-01 5.356952e+00 1.000005e+00 2.632290e-03
-8.966666e-01 -1.103839e+00 4.030849e+00 1.000000e+00 2.124983e-04
1.605856e+00 -1.062309e+00 6.058475e+00 1.000019e+00 9.760158e-03
-4.286017e-01 1.171922e+00 5.280146e+00 1.000002e+00 9.324150e-04
-8.316208e-04 -1.334694e+00 5.320444e+00 1.000008e+00 4.227497e-03
-6.528569e-01 -1.569260e+00 6.044849e+00 1.000009e+00 4.834690e-03
-2.017652e+00 -4.775377e-01 4.645949e+00 1.000004e+00 2.123873e-03
-2.384930e-01 -1.452702e+00 5.518619e+00 1.000010e+00 5.161202e-03
1.070919e+00 -1.363228e+00 5.065835e+00 1.000002e+00 1.183360e-03
-1.413940e+00 -5.037177e-01 6.020025e+00 1.000002e+00 1.203749e-03
1.755788e+00 1.031501e+00 5.061811e+00 1.000001e+00 4.069597e-04
-5.982112e-01 -1.171037e+00 3.165190e+00 1.000004e+00 1.916755e-03
-2.973966e-01 -1.722918e+00 3.857113e+00 1.000021e+00 1.091060e-02
1.859793e-01 9.363856e-02 4.205712e+00 1.000004e+00 2.273346e-03
-1.456092e+00 -3.923281e-01 5.223166e+00 1.000001e+00 7.466101e-04
-3.224765e-02 1.774797e+00 6.124115e+00 1.000004e+00 2.180733e-03
-1.571202e+00 7.575146e-01 5.678601e+00 1.000007e+00 3.653319e-03
-1.048143e+00 1.789451e+00 5.917780e+00 1.000001e+00 7.420987e-04
-1.145833e+00 7.834536e-01 5.557968e+00 1.000013e+00 6.401095e-03
1.388001e+00 -1.963710e-02 3.739993e+00 1.000009e+00 4.795260e-03
7.474485e-01 7.858659e-01 4.007460e+00 1.000007e+00 3.743049e-03
-5.361368e-01 -1.953848e+00 5.214347e+00 1.000014e+00 7.229980e-03
-1.761066e+00 6.558256e-01 6.098495e+00 1.000003e+00 1.385046e-03
5.609059e-01 -3.925847e-01 6.298617e+00 1.000008e+00 3.857489e-03
-4.306390e-01 -1.600407e+00 4.128114e+00 1.000010e+00 5.152997e-03
-1.587202e+00 1.359159e+00 5.821220e+00 1.000010e+00 5.018012e-03
-4.519692e-01 -7.040819e-01 5.837322e+00 1.000001e+00 6.497615e-04
-1.969423e+00 7.904722e-01 4.497336e+00 1.000003e+00 1.540594e-03
-1.176980e+00 -2.331039e-01 3.975387e+00 1.000003e+00 1.557012e-03
-5.207776e-01 5.405712e-03 3.678725e+00 1.000005e+00 2.612861e-03
1.940914e+00 -5.685138e-01 5.065477e+00 1.000007e+00 3.627954e-03
4.060627e-01 -8.605368e-01 4.587405e+00 1.000006e+00 3.230028e-03
1.190526e+00 6.617799e-01 5.204463e+00 1.000005e+00 2.429309e-03
-7.608027e-01 -1.370141e+00 5.466229e+00 1.000004e+00 2.049452e-03
3.096314e-01 1.118348e+00 3.271111e+00 1.000001e+00 4.546345e-04
-1.007130e+00 2.869168e-01 6.813944e+00 1.000002e+00 9.468248e-04
6.878835e-01 5.404304e-01 4.865238e+00 1.000009e+00 4.467847e-03
-5.946605e-01 -1.250570e+00 6.257601e+00 1.000004e+00 2.242118e-03
7.435233e-01 -7.357696e-01 4.387446e+00 1.000001e+00 5.825753e-04
1.275976e+00 9.935342e-02 5.864836e+00 1.000001e+00 2.953174e-04
1.129531e+00 1.371536e+00 5.766517e+00 1.000002e+00 8.423486e-04
-7.476269e-02 8.514880e-01 3.353288e+00 1.000003e+00 1.651890e-03
4.931726e-01 -7.689045e-01 6.541003e+00 1.000001e+00 2.815658e-04
-5.524702e-01 -3.175221e-01 6.772355e+00 1.000001e+00 3.923955e-04
-1.275522e+00 9.656014e-01 6.484885e+00 1.000008e+00 4.315842e-03
1.467095e+00 -7.347757e-01 4.867284e+00 1.000004e+00 1.896705e-03
1.674103e-01 1.376605e-01 3.221768e+00 1.000002e+00 8.157027e-04
7.959122e-01 8.884465e-01 5.718205e+00 1.000007e+00 3.603102e-03
-1.166225e+00 -1.560122e+00 6.082886e+00 1.000003e+00 1.413864e-03
7.977818e-01 -1.171134e+00 4.662814e+00 1.000001e+00 7.112603e-04
1.689993e+00 -3.577313e-02 6.222536e+00 1.000005e+00 2.766650e-03
1.809330e+00 1.090141e+00 4.852081e+00 1.000002e+00 1.059353e-03
2.011636e-01 1.301954e+00 5.329264e+00 1.000011e+00 5.670497e-03
6.370065e-01 8.953423e-01 5.784622e+00 1.000002e+00 1.037811e-03
2.045817e-01 -9.725572e-01 6.836389e+00 1.000014e+00 7.228940e-03
8.201011e-01 2.359037e-01 6.325248e+00 1.000006e+00 3.212327e-03
-1.852588e+00 -1.726198e-01 4.007807e+00 1.000001e+00 5.957213e-04
-7.524910e-01 1.489849e+00 5.173909e+00 1.000004e+00 2.187580e-03
-4.669623e-01 -2.081513e+00 4.928390e+00 1.000003e+00 1.737685e-03
1.311742e+00 9.373620e-01 4.723054e+00 1.000010e+00 5.220159e-03
1.094575e-04 1.005075e-03 5.000000e+00 1.000000e+00 1.228606e-05
-1.510171e+00 6.337987e-01 5.970748e+00 1.000001e+00 4.146657e-04
-8.114253e-02 -5.909351e-02 7.252261e+00 1.000002e+00 1.174525e-03
-1.676734e+00 1.055795e+00 5.934449e+00 1.000001e+00 7.539281e-04
1.147247e+00 5.226227e-01 4.682511e+00 1.000017e+00 8.666202e-03
1.826093e+00 -9.117138e-01 5.398061e+00 1.000005e+00 2.391315e-03
-7.528539e-01 -3.892213e-01 5.580224e+00 1.000001e+00 4.957869e-04
7.551581e-01 1.057282e+00 4.397398e+00 1.000007e+00 3.399186e-03
-1.125942e+00 -4.535233e-02 3.719939e+00 1.000017e+00 8.628935e-03
1.685724e+00 -8.296868e-01 4.921639e+00 1.000006e+00 2.905791e-03
-2.791931e-01 -3.245802e-01 5.535262e+00 1.000027e+00 1.394072e-02
4.686961e-01 1.037410e+00 3.611643e+00 1.000006e+00 2.997954e-03
-2.025208e-01 9.567161e-01 3.745181e+00 1.000009e+00 4.563218e-03
9.291262e-01 -3.025400e-01 3.222367e+00 1.000003e+00 1.574976e-03
-3.698166e-01 1.203492e+00 6.348219e+00 1.000008e+00 4.172965e-03
-2.029456e-01 -1.036125e+00 4.113349e+00 1.000004e+00 1.818674e-03
-8.111043e-01 -3.589424e-01 3.026073e+00 1.000000e+00 1.100830e-04
7.298057e-01 1.325949e+00 4.497145e+00 1.000003e+00 1.382056e-03
-7.046668e-01 -1.183561e+00 4.689679e+00 1.000009e+00 4.850545e-03
1.322122e+00 1.874218e-01 6.794940e+00 1.000008e+00 4.261055e-03
-5.268239e-01 2.582460e-01 5.342359e+00 1.000000e+00 2.159903e-04
1.292313e+00 -2.792495e-02 6.113774e+00 1.000008e+00 4.331558e-03
-1.117265e+00 1.548384e+00 4.241169e+00 1.000006e+00 2.860057e-03
-8.866520e-01 -1.663678e-01 3.903586e+00 1.000007e+00 3.376258e-03
3.605960e-01 -1.054690e+00 5.587640e+00 1.000004e+00 1.941646e-03
-5.185116e-02 -9.228683e-01 3.656156e+00 1.000005e+00 2.459630e-03
-1.982803e+00 -7.940339e-01 4.915326e+00 1.000004e+00 2.249860e-03
1.079192e+00 -8.036313e-02 5.596804e+00 1.000006e+00 3.052751e-03
-3.088112e-01 6.873929e-01 6.603281e+00 1.000000e+00 1.748827e-04
-4.832526e-01 1.093275e-01 3.308382e+00 1.000000e+00 2.065238e-04
-5.079398e-01 -3.826745e-01 3.464306e+00 1.000003e+00 1.450032e-03
1.524611e+00 -6.030409e-01 3.486790e+00 1.000001e+00 6.676803e-04
-1.958858e-02 2.095042e+00 5.602435e+00 1.000001e+00 6.163958e-04
1.559981e+00 -1.134183e+00 4.830368e+00 1.000006e+00 2.894770e-03
-1.474973e+00 2.395550e-01 6.485713e+00 1.000008e+00 4.050299e-03
6.766886e-01 -1.374358e+00 3.385000e+00 1.000012e+00 6.255610e-03
-1.166049e+00 1.859301e+00 4.902163e+00 1.000002e+00 8.570196e-04
1.639746e+00 1.137645e+00 5.434213e+00 1.000003e+00 1.307012e-03
-2.427550e-01 -4.524301e-01 2.997289e+00 1.000004e+00 2.266794e-03
-1.131607e+00 9.389825e-01 6.156609e+00 1.000007e+00 3.709108e-03
-2.340428e-01 1.209024e+00 3.802802e+00 1.000001e+00 4.681365e-04
-8.232462e-01 1.460552e+00 5.912195e+00 1.000009e+00 4.510221e-03
-1.039993e+00 -9.270278e-02 6.993910e+00 1.000017e+00 8.457796e-03
-2.141029e-01 7.390758e-02 6.782328e+00 1.000004e+00 1.983749e-03
1.353564e+00 -3.896088e-01 6.499789e+00 1.000009e+00 4.813238e-03
-1.220993e-01 1.340381e+00 4.711904e+00 1.000016e+00 8.159367e-03
4.552431e-01 -1.675758e+00 6.043653e+00 1.000001e+00 5.052640e-04
-1.473978e+00 -3.481082e-01 5.300085e+00 1.000022e+00 1.108873e-02
-8.807363e-01 -6.900003e-01 4.225041e+00 1.000006e+00 3.138307e-03
-1.566556e+00 4.747268e-01 3.753391e+00 1.000002e+00 1.234646e-03
-7.749148e-01 1.601631e+00 3.996729e+00 1.000001e+00 5.457463e-04
1.818836e-01 -2.795018e-02 3.284615e+00 1.000007e+00 3.728588e-03
6.399598e-03 1.674657e+00 3.694197e+00 1.000009e+00 4.432902e-03
-7.284998e-01 -1.217007e+00 5.333458e+00 1.000003e+00 1.502026e-03
-2.067868e-01 1.537808e+00 4.191884e+00 1.000004e+00 2.036129e-03
1.679564e-01 -1.724775e+00 6.389402e+00 1.000004e+00 1.905579e-03
1.535007e+00 1.000602e+00 5.369700e+00 1.000019e+00 9.465112e-03
-7.878842e-01 -4.793342e-01 4.349056e+00 1.000004e+00 2.204436e-03
-1.665129e+00 -6.187032e-01 4.599216e+00 1.000001e+00 5.834941e-04
1.915934e+00 -1.952021e-01 5.554121e+00 1.000001e+00 6.032013e-04
4.436386e-01 -3.230654e-01 4.215553e+00 1.000032e+00 1.610793e-02
-6.394564e-01 4.749042e-01 4.567908e+00 1.000014e+00 7.381228e-03
-1.814943e+00 -1.052040e+00 5.345897e+00 1.000008e+00 4.315189e-03
-1.065321e+00 2.331172e-01 6.569920e+00 1.000000e+00 2.458588e-04
1.379821e-01 -5.335158e-01 3.765736e+00 1.000006e+00 2.852659e-03
-5.834703e-01 2.040001e+00 4.935225e+00 1.000001e+00 3.526492e-04
1.629253e+00 -7.960581e-01 5.146573e+00 1.000017e+00 8.603313e-03
3.204521e-01 -2.474087e-01 4.049540e+00 1.000003e+00 1.682689e-03
1.150282e+00 5.936274e-01 3.895290e+00 1.000002e+00 9.467038e-04
5.883779e-01 1.991371e+00 4.433194e+00 1.000005e+00 2.635909e-03
3.044066e-01 7.712388e-01 3.464935e+00 1.000006e+00 2.920875e-03
-1.020344e+00 1.008810e+00 4.075744e+00 1.000002e+00 1.068149e-03
-3.390300e-01 -1.966397e+00 3.979204e+00 1.000026e+00 1.343482e-02
-1.799720e+00 -7.993021e-01 5.863867e+00 1.000006e+00 2.953376e-03
-1.354011e+00 -1.528301e-01 5.131294e+00 1.000009e+00 4.428715e-03
1.073127e+00 9.524541e-02 5.019246e+00 1.000006e+00 3.105664e-03
1.736048e+00 -1.028105e+00 4.354499e+00 1.000005e+00 2.515981e-03
-9.104003e-01 -1.173414e+00 6.215360e+00 1.000004e+00 2.252338e-03
-1.138588e+00 9.561234e-01 6.279886e+00 1.000008e+00 4.155045e-03
8.590025e-01 -1.533038e+00 5.688953e+00 1.000002e+00 8.910678e-04
2.094472e+00 -5.983391e-01 5.230203e+00 1.000005e+00 2.759235e-03
-2.717971e-02 9.902234e-01 6.320671e+00 1.000004e+00 2.169072e-03
1.539873e+00 -5.541962e-02 3.462744e+00 1.000003e+00 1.712096e-03
8.363358e-01 1.080240e+00 4.595054e+00 1.000008e+00 4.265026e-03
6.118434e-01 4.501486e-01 4.829590e+00 1.000012e+00 5.885012e-03
-1.383319e+00 -9.009954e-01 4.007043e+00 1.000005e+00 2.548211e-03
-1.069951e-01 1.995978e-01 3.396081e+00 1.000001e+00 5.226862e-04
-9.147456e-02 1.663045e+00 4.951161e+00 1.000000e+00 4.822019e-05
1.299209e-01 -1.759755e+00 3.771922e+00 1.000003e+00 1.345753e-03
-9.585638e-02 -3.862597e-01 2.856960e+00 1.000008e+00 4.090719e-03
1.698415e+00 -8.325222e-01 5.983193e+00 1.000003e+00 1.367553e-03
8.242568e-01 1.803812e+00 5.133476e+00 1.000001e+00 5.976154e-04
-2.353576e-01 -1.543809e+00 4.576097e+00 1.000014e+00 7.294031e-03
-8.238303e-01 7.053171e-01 5.049024e+00 1.000007e+00 3.418086e-03
-3.848564e-01 2.514784e-01 6.648904e+00 1.000004e+00 2.259017e-03
9.005374e-01 2.666369e-01 3.775952e+00 1.000006e+00 3.150091e-03
1.657638e-01 2.187005e+00 5.533410e+00 1.000004e+00 2.298788e-03
4.195636e-02 -9.064748e-01 4.371287e+00 1.000007e+00 3.431835e-03
-1.173915e+00 1.732955e+00 5.523872e+00 1.000006e+00 2.946478e-03
1.437928e+00 6.196176e-01 4.563328e+00 1.000014e+00 7.401879e-03
-1.359147e+00 -1.214498e+00 3.787765e+00 1.000003e+00 1.661215e-03
-1.710643e+00 -6.464167e-01 5.546812e+00 1.000004e+00 2.225362e-03
1.469061e+00 1.132864e+00 4.505129e+00 1.000005e+00 2.800196e-03
-5.440547e-01 -5.387216e-01 4.410177e+00 1.000001e+00 5.292286e-04
5.629177e-01 -1.213857e+00 3.630252e+00 1.000004e+00 2.250771e-03
1.316185e+00 -3.581847e-01 6.577759e+00 1.000005e+00 2.464311e-03
8.626614e-01 9.697740e-01 4.253772e+00 1.000002e+00 1.185290e-03
6.579269e-01 -6.635966e-01 5.087322e+00 1.000005e+00 2.649445e-03
-6.743736e-01 -2.068721e+00 4.377225e+00 1.000007e+00 3.559808e-03
-3.388709e-01 -8.907821e-01 6.575865e+00 1.000016e+00 8.371003e-03
1.815727e+00 5.041883e-01 5.134242e+00 1.000001e+00 7.161004e-04
-2.438413e-01 6.329431e-01 6.323375e+00 1.000004e+00 2.062298e-03
-7.066619e-01 9.001992e-01 4.901074e+00 1.000007e+00 3.760300e-03
-7.297016e-01 1.704029e+00 4.264381e+00 1.000003e+00 1.640708e-03
-1.926034e-01 -6.902457e-01 5.922246e+00 1.000006e+00 2.861414e-03
2.261714e-01 -1.780003e-01 5.292102e+00 1.000002e+00 1.011887e-03
5.855002e-02 5.680157e-01 6.354027e+00 1.000001e+00 6.252428e-04
8.680047e-01 -2.006868e+00 4.835369e+00 1.000001e+00 3.795830e-04
1.142040e+00 1.712833e+00 4.804195e+00 1.000005e+00 2.556994e-03
-7.008838e-01 -4.583094e-01 5.722963e+00 1.000012e+00 5.922409e-03
-1.844521e-01 -3.633452e-01 5.028865e+00 1.000011e+00 5.775716e-03
2.670853e-01 5.957294e-01 7.019208e+00 1.000002e+00 8.129179e-04
-1.647766e-02 1.083363e+00 3.675155e+00 1.000007e+00 3.590658e-03
2.241722e-01 -5.011540e-02 3.866372e+00 1.000001e+00 4.851480e-04
1.538548e+00 2.778606e-01 4.692802e+00 1.000005e+00 2.457712e-03
-9.705065e-01 -6.065712e-01 4.686359e+00 1.000003e+00 1.574939e-03
-1.455982e+00 -4.391214e-01 6.032026e+00 1.000007e+00 3.526592e-03
-2.096275e+00 7.240227e-01 4.538696e+00 1.000016e+00 8.201379e-03
1.093361e+00 -1.586490e+00 5.642188e+00 1.000006e+00 3.294590e-03
1.359792e+00 -8.338841e-01 3.857644e+00 1.000001e+00 3.575190e-04
7.631132e-01 4.786622e-01 6.739632e+00 1.000004e+00 2.266907e-03
-6.712894e-01 -5.155785e-01 4.002777e+00 1.000003e+00 1.664906e-03
8.240646e-02 6.269334e-01 6.574895e+00 1.000011e+00 5.714494e-03
-9.790101e-01 6.578214e-01 5.058816e+00 1.000003e+00 1.572747e-03
-1.913108e+00 -2.264919e-01 5.437759e+00 1.000003e+00 1.398416e-03
1.790582e+00 -5.042036e-01 5.662598e+00 1.000007e+00 3.781640e-03
9.194407e-01 -1.482915e+00 4.733714e+00 1.000002e+00 1.194614e-03
1.178856e+00 1.600730e+00 4.896654e+00 1.000013e+00 6.583251e-03
-1.463277e+00 -1.647486e-01 3.724673e+00 1.000002e+00 1.159628e-03
-1.365732e+00 -1.555446e-01 5.004684e+00 1.000014e+00 7.287139e-03
-1.353590e-01 -6.934756e-01 5.416930e+00 1.000008e+00 4.195590e-03
1.357102e+00 8.092388e-01 5.232625e+00 1.000011e+00 5.631492e-03
6.888160e-01 -1.541453e+00 6.019467e+00 1.000001e+00 6.311986e-04
-3.659327e-01 6.178105e-01 6.263071e+00 1.000001e+00 6.130202e-04
-3.973700e-01 5.080486e-01 5.105544e+00 1.000010e+00 5.167894e-03
-4.621623e-02 3.041779e-01 6.342781e+00 1.000003e+00 1.715299e-03
-1.402372e+00 -1.070394e+00 6.222677e+00 1.000004e+00 2.101644e-03
7.677854e-01 -1.043144e+00 3.516812e+00 1.000032e+00 1.653589e-02
-1.731265e+00 6.386417e-01 6.284272e+00 1.000010e+00 5.356207e-03
8.839241e-02 -7.069017e-01 4.058273e+00 1.000006e+00 3.097141e-03
1.081748e+00 9.922364e-01 4.371204e+00 1.000003e+00 1.507530e-03
7.792787e-01 -8.643936e-01 3.845083e+00 1.000006e+00 2.923195e-03
5.565262e-01 1.782597e+00 5.658990e+00 1.000002e+00 1.230613e-03
-1.229621e+00 1.329830e+00 3.937722e+00 1.000002e+00 9.063120e-04
1.404613e-01 -1.744317e+00 5.401049e+00 1.000008e+00 4.051217e-03
7.260637e-01 -7.602945e-02 7.049219e+00 1.000001e+00 5.191895e-04
-1.657167e+00 1.384476e+00 4.835424e+00 1.000003e+00 1.445600e-03
-1.705184e+00 -6.342830e-01 5.634306e+00 1.000004e+00 2.273184e-03
-1.908556e-02 -1.360722e+00 6.402730e+00 1.000003e+00 1.611231e-03
-8.545296e-02 -2.970270e-01 3.097250e+00 1.000005e+00 2.498991e-03
-1.366748e+00 1.863293e-01 3.774692e+00 1.000006e+00 2.881642e-03
6.737038e-01 3.683323e-02 5.642970e+00 1.000012e+00 6.032993e-03
-8.132573e-01 4.412814e-01 6.443293e+00 1.000001e+00 2.609808e-04
-5.805881e-01 -5.188803e-01 5.180864e+00 1.000011e+00 5.783064e-03
8.314808e-02 1.294232e-01 6.191405e+00 1.000003e+00 1.761395e-03
-1.459182e+00 -1.159291e+00 3.860128e+00 1.000008e+00 4.065426e-03
1.430573e+00 -7.355792e-01 4.773988e+00 1.000002e+00 1.241176e-03
1.914512e+00 7.102768e-01 5.000082e+00 1.000003e+00 1.406442e-03
-3.333156e-01 1.072932e+00 3.159788e+00 1.000003e+00 1.375841e-03
8.720783e-01 -1.348770e+00 6.486304e+00 1.000011e+00 5.835918e-03
-7.583527e-01 1.240156e+00 4.786998e+00 1.000004e+00 2.212175e-03
-1.633961e+00 -1.246870e+00 5.387429e+00 1.000006e+00 2.833355e-03
1.990737e+00 8.437705e-01 4.519287e+00 1.000013e+00 6.453808e-03
1.090091e+00 -7.953015e-01 3.551238e+00 1.000001e+00 5.816245e-04
1.379014e+00 -1.362184e+00 4.422578e+00 1.000011e+00 5.577851e-03
2.502184e-01 4.325043e-01 5.011142e+00 1.000005e+00 2.571770e-03
1.432219e-01 1.090656e+00 5.240251e+00 1.000012e+00 6.251341e-03
1.616038e+00 -8.242385e-01 6.033217e+00 1.000002e+00 8.932168e-04
-8.611319e-01 -1.204267e+00 4.942601e+00 1.000003e+00 1.772599e-03
1.009999e-01 1.001626e+00 5.797110e+00 1.000004e+00 1.943024e-03
-1.374321e+00 1.466544e-01 4.576650e+00 1.000005e+00 2.323608e-03
2.695312e-02 -1.120197e+00 5.123519e+00 1.000003e+00 1.514817e-03
-5.117829e-01 -7.775430e-01 5.908800e+00 1.000013e+00 6.640997e-03
-5.380591e-01 -1.019265e+00 3.876552e+00 1.000013e+00 6.731271e-03
1.985677e+00 2.444092e-01 4.520042e+00 1.000003e+00 1.671211e-03
-7.092020e-01 8.833267e-01 5.151180e+00 1.000013e+00 6.834171e-03
9.206667e-01 1.049253e+00 4.231323e+00 1.000010e+00 5.293890e-03
1.758373e+00 4.655382e-01 5.955336e+00 1.000008e+00 3.943550e-03
-6.986949e-01 -1.305484e+00 3.915046e+00 1.000006e+00 3.106273e-03
-1.694459e+00 1.128965e-02 3.518958e+00 1.000000e+00 2.476316e-04
1.732371e+00 -1.760385e-01 3.586044e+00 1.000013e+00 6.822763e-03
6.761310e-01 1.622367e+00 4.930256e+00 1.000017e+00 8.694808e-03
9.492670e-01 -5.619641e-01 4.660646e+00 1.000007e+00 3.609277e-03
1.270403e+00 4.007630e-01 5.110402e+00 1.000008e+00 4.317937e-03
8.579771e-01 7.889368e-01 6.749708e+00 1.000004e+00 2.169074e-03
-8.338981e-01 -1.573417e+00 4.292270e+00 1.000002e+00 1.164498e-03
-1.021306e+00 -3.400804e-01 5.768717e+00 1.000001e+00 6.582833e-04
2.886729e-01 -1.186774e+00 3.761559e+00 1.000006e+00 3.304752e-03
-6.279417e-01 1.371668e-01 6.262746e+00 1.000007e+00 3.831772e-03
-2.341814e-01 -7.088636e-01 3.501035e+00 1.000006e+00 2.942695e-03
-8.818242e-01 -6.496521e-01 6.121136e+00 1.000007e+00 3.481551e-03
-2.973754e-01 -1.792345e-01 3.239879e+00 1.000003e+00 1.319915e-03
-1.315350e-02 -4.980184e-01 7.120496e+00 1.000002e+00 1.246392e-03
-7.692489e-01 -4.649709e-01 6.960599e+00 1.000008e+00 3.912816e-03
8.769341e-01 -8.233476e-01 3.870516e+00 1.000015e+00 7.557838e-03
2.465383e-01 -1.432268e+00 4.818763e+00 1.000015e+00 7.577953e-03
-1.166584e+00 1.824672e+00 4.738798e+00 1.000003e+00 1.757990e-03
-7.892110e-01 1.089136e+00 5.731371e+00 1.000006e+00 3.259765e-03
-4.465515e-01 -2.117793e+00 4.731791e+00 1.000005e+00 2.428337e-03
8.547885e-01 -1.973165e+00 4.646313e+00 1.000001e+00 4.665199e-04
3.942128e-02 9.794678e-01 5.264102e+00 1.000006e+00 2.869401e-03
5.555121e-01 -1.329632e+00 3.528878e+00 1.000013e+00 6.743170e-03
1.642010e+00 -7.780709e-01 5.598889e+00 1.000001e+00 7.186265e-04
-9.977018e-02 -3.359353e-01 4.974975e+00 1.000004e+00 1.920746e-03
-7.855877e-01 -1.849349e+00 4.734014e+00 1.000005e+00 2.720347e-03
1.445323e-01 1.679418e+00 4.041711e+00 1.000009e+00 4.381639e-03
3.708605e-01 1.044947e+00 5.352752e+00 1.000019e+00 9.933862e-03
1.081509e+00 -5.146665e-01 3.887809e+00 1.000010e+00 4.950568e-03
2.060195e-01 -2.031190e+00 5.538792e+00 1.000007e+00 3.498550e-03
-1.278694e+00 3.058846e-02 6.060080e+00 1.000009e+00 4.513391e-03
1.335565e+00 -3.705782e-01 5.548742e+00 1.000006e+00 2.966953e-03
-2.363043e-02 1.382130e+00 4.129631e+00 1.000000e+00 2.190868e-04
-1.288229e-01 -1.385029e+00 5.029387e+00 1.000001e+00 6.705030e-04
1.708979e+00 1.133555e+00 4.903772e+00 1.000008e+00 4.130119e-03
-8.362988e-01 -1.803517e+00 5.948022e+00 1.000008e+00 3.878906e-03
-1.343093e+00 5.211707e-01 5.145012e+00 1.000008e+00 4.132103e-03
1.630220e+00 -1.802267e-01 5.089874e+00 1.000001e+00 4.612959e-04
-1.111567e+00 8.150466e-01 3.753727e+00 1.000006e+00 3.045843e-03
1.529041e+00 -1.101108e+00 4.578541e+00 1.000006e+00 3.016972e-03
6.333356e-02 1.869018e+00 4.272719e+00 1.000010e+00 5.180884e-03
-6.045052e-01 -1.319740e+00 5.514092e+00 1.000010e+00 4.921410e-03
1.727070e-01 -2.473587e-01 3.404334e+00 1.000005e+00 2.699037e-03
7.184851e-02 -2.091770e-01 5.954098e+00 1.000002e+00 9.898958e-04
-5.726940e-01 -5.243744e-01 5.601445e+00 1.000004e+00 1.845816e-03
-8.858523e-01 -5.110140e-01 5.531704e+00 1.000006e+00 3.193710e-03
-1.202252e+00 2.418860e-01 6.240184e+00 1.000012e+00 6.068309e-03
-2.456728e-01 9.350094e-01 3.730888e+00 1.000001e+00 6.193516e-04
-1.760191e-02 -1.041619e+00 5.491910e+00 1.000003e+00 1.508593e-03
-1.050981e+00 2.567211e-01 6.849697e+00 1.000005e+00 2.628382e-03
-1.767909e+00 -1.282613e+00 5.485122e+00 1.000007e+00 3.808909e-03
-1.107503e+00 -1.571132e+00 5.158068e+00 1.000004e+00 1.993849e-03
6.564426e-01 1.544479e+00 4.420619e+00 1.000001e+00 6.170313e-04
1.551717e-01 -7.460399e-01 4.557800e+00 1.000002e+00 1.204866e-03
-2.024349e+00 3.654656e-02 5.856914e+00 1.000008e+00 3.863620e-03
3.807219e-01 -1.746848e+00 4.690281e+00 1.000003e+00 1.301258e-03
-1.271185e+00 -1.220301e+00 6.165407e+00 1.000003e+00 1.559555e-03
-3.362778e-01 -4.742585e-01 2.907833e+00 1.000013e+00 6.625740e-03
1.074489e+00 9.580704e-01 3.776482e+00 1.000003e+00 1.388818e-03
1.318869e+00 1.325731e+00 3.807763e+00 1.000009e+00 4.404150e-03
1.552845e+00 6.397325e-01 4.758123e+00 1.000008e+00 4.084404e-03
3.869140e-01 -7.466213e-01 4.438698e+00 1.000003e+00 1.583110e-03
-1.003273e+00 -3.107389e-01 5.194037e+00 1.000006e+00 2.911278e-03
1.419015e+00 -1.188102e+00 5.546267e+00 1.000004e+00 2.158242e-03
1.262221e+00 -1.318815e+00 5.857865e+00 1.000003e+00 1.366565e-03
-8.468996e-01 -1.067697e-01 3.560147e+00 1.000004e+00 2.031527e-03
5.549317e-01 -1.696033e+00 4.697983e+00 1.000008e+00 4.169229e-03
-1.260361e+00 1.202442e+00 4.674029e+00 1.000007e+00 3.490306e-03
-1.057541e+00 -6.014064e-01 6.749244e+00 1.000002e+00 8.565000e-04
-9.369872e-01 -9.272432e-01 5.162764e+00 1.000001e+00 2.901800e-04
6.909363e-01 1.191383e+00 4.896431e+00 1.000005e+00 2.523128e-03
-2.938852e-01 -2.192636e+00 5.296377e+00 1.000005e+00 2.627038e-03
1.008610e+00 1.160921e+00 4.562971e+00 1.000002e+00 9.276793e-04
-1.916613e+00 -9.549721e-01 5.571587e+00 1.000011e+00 5.723617e-03
6.904285e-01 1.188908e+00 5.167893e+00 1.000002e+00 1.252084e-03
4.632961e-01 -5.773645e-02 3.330749e+00 1.000006e+00 2.865747e-03
3.012758e-01 -1.897568e-01 3.352237e+00 1.000006e+00 2.854117e-03
5.326751e-01 -3.808016e-01 4.542843e+00 1.000005e+00 2.565797e-03
1.478709e+00 -6.748145e-01 3.632431e+00 1.000001e+00 3.574082e-04
1.447972e-01 1.250995e+00 5.918827e+00 1.000002e+00 1.105583e-03
1.680818e+00 1.880699e-01 4.876716e+00 1.000008e+00 3.837327e-03
-1.198486e+00 -1.324395e+00 4.463540e+00 1.000006e+00 3.167478e-03
-1.739553e-01 -2.214667e-01 5.423437e+00 1.000003e+00 1.335408e-03
-5.098587e-01 -3.009827e-01 5.165429e+00 1.000001e+00 5.865134e-04
1.185576e+00 1.650138e-01 4.455128e+00 1.000004e+00 1.870243e-03
1.199422e+00 3.227572e-01 5.673155e+00 1.000015e+00 7.911390e-03
-3.853860e-01 -1.980187e+00 4.173647e+00 1.000019e+00 9.512457e-03
-6.042976e-01 8.989041e-01 3.479074e+00 1.000023e+00 1.171154e-02
-1.216310e+00 -1.336180e+00 4.639516e+00 1.000002e+00 1.203954e-03
1.480005e+00 8.933496e-01 4.101250e+00 1.000001e+00 4.934939e-04
1.332042e+00 7.862586e-01 5.451381e+00 1.000025e+00 1.294998e-02
3.060236e-01 1.200377e+00 3.882584e+00 1.000004e+00 1.913699e-03
1.986823e-01 -1.406854e-01 6.137492e+00 1.000005e+00 2.555517e-03
-7.737945e-01 -1.604744e+00 4.598002e+00 1.000008e+00 3.929639e-03
9.819912e-03 1.876911e+00 5.036892e+00 1.000009e+00 4.481196e-03
-2.221592e-01 -1.182464e+00 6.268660e+00 1.000008e+00 4.341223e-03
-4.187644e-01 1.383960e+00 4.090442e+00 1.000011e+00 5.748586e-03
-5.110489e-01 -1.647662e+00 4.661299e+00 1.000003e+00 1.523665e-03
-4.597133e-01 1.362115e+00 4.410174e+00 1.000000e+00 1.277607e-04
-8.487695e-03 -1.017695e+00 6.386415e+00 1.000008e+00 4.046652e-03
7.430031e-01 -1.033624e+00 5.294193e+00 1.000001e+00 7.258870e-04
-2.060573e+00 -5.202332e-01 5.192986e+00 1.000001e+00 7.634472e-04
-6.423587e-01 2.005992e+00 5.334151e+00 1.000004e+00 2.106723e-03
-1.036864e+00 4.173119e-01 4.910998e+00 1.000006e+00 2.864402e-03
-1.268435e+00 2.819027e-02 3.191041e+00 1.000018e+00 9.087398e-03
-5.054452e-01 1.345124e+00 4.105463e+00 1.000002e+00 8.392761e-04
7.458317e-01 3.550176e-01 2.951952e+00 1.000003e+00 1.654717e-03
1.404221e+00 -1.174884e+00 4.669529e+00 1.000002e+00 8.871391e-04
-1.457479e+00 -4.894375e-01 6.436361e+00 1.000001e+00 6.723373e-04
6.620667e-01 4.748927e-01 5.086156e+00 1.000019e+00 9.959923e-03
6.938760e-02 1.470348e+00 4.168147e+00 1.000002e+00 1.068846e-03
-8.068400e-01 5.741402e-01 3.732251e+00 1.000012e+00 5.984329e-03
4.762187e-01 -1.764174e+00 3.856956e+00 1.000017e+00 8.691361e-03
2.675551e-01 -1.843150e+00 3.893606e+00 1.000009e+00 4.393462e-03
1.460787e+00 4.875611e-01 6.286600e+00 1.000004e+00 1.993671e-03
1.356244e+00 1.043125e+00 3.739257e+00 1.000004e+00 2.003096e-03
6.370538e-01 1.412171e+00 5.525635e+00 1.000003e+00 1.531729e-03
1.072161e-01 -1.601807e-01 4.849058e+00 1.000003e+00 1.300778e-03
-1.414008e+00 5.837282e-01 4.651355e+00 1.000005e+00 2.398402e-03
7.670951e-02 3.000135e-01 3.227814e+00 1.000011e+00 5.832535e-03
1.110346e-01 1.314414e-01 6.705413e+00 1.000024e+00 1.239692e-02
-6.929207e-01 -1.689711e+00 5.647538e+00 1.000007e+00 3.722315e-03
9.331170e-01 -1.067077e+00 5.998601e+00 1.000004e+00 2.175050e-03
6.590724e-01 1.498356e+00 6.271461e+00 1.000001e+00 4.606248e-04
-7.919287e-01 4.179306e-01 5.318412e+00 1.000005e+00 2.573061e-03
4.196520e-01 -1.117141e+00 3.977947e+00 1.000003e+00 1.400684e-03
-1.782255e+00 1.210885e+00 4.365864e+00 1.000000e+00 1.789605e-04
-7.178648e-01 -4.467894e-01 4.897108e+00 1.000000e+00 1.673986e-04
-4.427306e-01 -4.829470e-01 4.060438e+00 1.000004e+00 2.261308e-03
9.383797e-01 1.209844e+00 3.618208e+00 1.000015e+00 7.791293e-03
1.645049e-01 1.177719e+00 6.596158e+00 1.000005e+00 2.571255e-03
1.637122e+00 -8.000201e-01 5.116944e+00 1.000012e+00 6.163242e-03
-1.300931e+00 -7.067372e-01 6.678627e+00 1.000010e+00 5.012096e-03
-1.303985e+00 -7.180198e-02 3.656489e+00 1.000003e+00 1.545168e-03
-1.134704e+00 1.739212e+00 5.268168e+00 1.000004e+00 1.960222e-03
-7.982115e-01 3.246918e-01 5.463773e+00 1.000014e+00 7.141623e-03
1.449138e+00 -6.140659e-01 6.310380e+00 1.000004e+00 2.120089e-03
-7.193754e-01 -6.648023e-02 5.564947e+00 1.000003e+00 1.558954e-03
-1.255112e+00 1.944305e-01 4.330918e+00 1.000001e+00 6.571461e-04
-1.743559e+00 -2.846449e-01 5.855629e+00 1.000006e+00 2.856284e-03
-1.004340e+00 -2.801068e-01 2.995935e+00 1.000009e+00 4.806335e-03
1.520401e+00 -1.049629e-01 4.564523e+00 1.000001e+00 3.304668e-04
-1.438827e+00 -1.245596e+00 5.711031e+00 1.000003e+00 1.309040e-03
-2.426567e-01 1.545648e+00 5.025108e+00 1.000005e+00 2.608387e-03
-9.495964e-01 -1.487979e+00 6.131614e+00 1.000012e+00 5.928116e-03
-1.512287e+00 4.111309e-01 5.933471e+00 1.000008e+00 4.292073e-03
-6.990742e-02 -6.797252e-02 3.026621e+00 1.000001e+00 4.357342e-04
-1.325031e+00 8.420639e-01 6.357936e+00 1.000007e+00 3.342798e-03
1.975681e+00 -2.470761e-01 3.992989e+00 1.000013e+00 6.565386e-03
-1.137889e+00 -7.237949e-02 4.066171e+00 1.000003e+00 1.551860e-03
-1.534193e+00 8.272812e-02 5.837983e+00 1.000003e+00 1.315242e-03
3.500610e-01 7.248826e-01 5.748172e+00 1.000012e+00 5.975254e-03
1.987543e-01 -1.809683e+00 5.212165e+00 1.000001e+00 6.305610e-04
8.468371e-01 -2.600490e-01 3.622798e+00 1.000011e+00 5.427186e-03
1.022698e+00 -5.005929e-01 3.875324e+00 1.000017e+00 8.569642e-03
-2.505797e-01 -7.538817e-01 6.530429e+00 1.000007e+00 3.757551e-03
-3.704774e-01 -1.891895e+00 5.804503e+00 1.000005e+00 2.385406e-03
1.171442e-01 -1.747454e+00 4.371109e+00 1.000002e+00 8.877693e-04
1.377275e+00 -7.330821e-01 5.208286e+00 1.000001e+00 7.586652e-04
2.099546e+00 -1.317425e-01 5.049702e+00 1.000010e+00 5.094415e-03
2.143355e+00 -4.483863e-01 5.394667e+00 1.000006e+00 3.140106e-03
1.810563e+00 5.399529e-01 4.069073e+00 1.000004e+00 2.066834e-03
6.263394e-02 -4.074780e-01 4.577910e+00 1.000014e+00 7.282664e-03
-8.067379e-01 3.764359e-01 6.257498e+00 1.000005e+00 2.387631e-03
-4.852433e-01 -8.516886e-01 3.454981e+00 1.000007e+00 3.595664e-03
1.182357e+00 1.798568e+00 5.487734e+00 1.000002e+00 8.194639e-04
1.569682e-01 -1.582261e+00 4.632511e+00 1.000004e+00 2.114693e-03
-4.516610e-01 -6.396076e-01 6.641488e+00 1.000001e+00 3.144445e-04
-9.905387e-01 -9.983983e-01 4.779432e+00 1.000009e+00 4.596986e-03
1.419349e+00 -9.113501e-01 6.300160e+00 1.000001e+00 5.205846e-04
-2.425012e-01 1.451930e+00 4.274651e+00 1.000016e+00 8.331666e-03
-4.152474e-01 -1.916869e+00 5.838773e+00 1.000001e+00 3.168856e-04
1.521335e+00 5.489886e-01 4.388839e+00 1.000001e+00 4.624964e-04
-1.505760e+00 -6.068858e-02 3.982886e+00 1.000005e+00 2.473704e-03
-2.821949e-01 -1.002367e+00 5.909127e+00 1.000002e+00 9.593320e-04
-1.759715e+00 7.070123e-01 3.817826e+00 1.000011e+00 5.646768e-03
1.123549e+00 -7.881371e-01 5.345439e+00 1.000004e+00 1.868881e-03
-1.034108e+00 -1.581469e-01 3.085142e+00 1.000007e+00 3.768699e-03
7.429449e-01 -1.724596e+00 5.562806e+00 1.000002e+00 1.078941e-03
1.609425e+00 -4.793994e-01 5.864673e+00 1.000003e+00 1.779103e-03
1.151465e+00 1.303238e+00 6.036951e+00 1.000003e+00 1.545525e-03
1.831954e+00 4.006248e-01 4.836060e+00 1.000001e+00 2.835923e-04
-3.278527e-01 -2.765063e-01 6.918058e+00 1.000007e+00 3.678160e-03
-5.775730e-01 -2.463529e-01 6.547984e+00 1.000004e+00 2.097664e-03
-4.391822e-01 -1.923586e-01 6.482814e+00 1.000004e+00 2.220012e-03
-1.202763e+00 -8.664712e-01 6.164964e+00 1.000005e+00 2.591789e-03
4.345245e-03 1.028410e+00 5.250258e+00 1.000034e+00 1.749710e-02
8.977106e-01 -5.917280e-02 5.006135e+00 1.000002e+00 1.207305e-03
3.979442e-02 1.158367e+00 4.559287e+00 1.000001e+00 5.805753e-04
7.638574e-01 -1.306422e+00 4.151541e+00 1.000001e+00 4.866495e-04
3.589794e-01 1.155281e+00 4.460222e+00 1.000005e+00 2.406825e-03
1.369347e+00 -8.283863e-01 5.102443e+00 1.000000e+00 7.154028e-05
2.532788e-01 -1.486347e+00 5.298315e+00 1.000012e+00 6.255595e-03
2.008700e-01 -8.542968e-01 3.723098e+00 1.000011e+00 5.674227e-03
6.441999e-01 1.444925e-01 4.817893e+00 1.000003e+00 1.319527e-03
2.504083e-01 -1.897203e-02 3.792306e+00 1.000001e+00 3.180122e-04
1.531305e+00 -3.163147e-01 4.935434e+00 1.000011e+00 5.375950e-03
-1.363164e+00 1.094856e+00 5.381817e+00 1.000006e+00 3.038857e-03
4.780878e-01 1.601091e+00 4.656834e+00 1.000003e+00 1.505802e-03
7.938935e-01 2.646844e-01 6.335555e+00 1.000002e+00 9.800770e-04
-1.271248e-01 3.262990e-01 5.252926e+00 1.000002e+00 1.090059e-03
5.983643e-01 -1.707314e+00 4.000503e+00 1.000000e+00 1.670898e-04
3.318099e-01 -2.209453e+00 4.714880e+00 1.000004e+00 2.099644e-03
-9.380641e-01 -6.554812e-01 6.067105e+00 1.000007e+00 3.776695e-03
5.031269e-01 -8.075405e-01 6.758353e+00 1.000007e+00 3.334304e-03
-8.524092e-02 1.128374e+00 5.492052e+00 1.000002e+00 1.107586e-03
-8.708737e-02 -1.575649e+00 3.994683e+00 1.000016e+00 7.929789e-03
-8.707904e-02 -1.327135e+00 4.231452e+00 1.000003e+00 1.668538e-03
-7.942660e-01 6.977333e-01 5.509209e+00 1.000006e+00 3.003791e-03
-1.045613e+00 -7.359553e-01 6.057331e+00 1.000013e+00 6.710738e-03
-7.231558e-01 -9.534899e-01 5.515635e+00 1.000007e+00 3.717154e-03
2.502318e-01 -1.191588e+00 5.780179e+00 1.000007e+00 3.698041e-03
1.175652e+00 -2.820205e-01 3.723479e+00 1.000013e+00 6.881445e-03
-1.261559e+00 -6.595639e-01 4.408568e+00 1.000005e+00 2.363608e-03
-2.619834e-01 9.580983e-02 2.896888e+00 1.000005e+00 2.350285e-03
-1.252512e+00 -5.870805e-01 3.767922e+00 1.000000e+00 2.384609e-04
1.785887e+00 -1.592394e-01 5.292090e+00 1.000001e+00 6.334591e-04
-6.949366e-01 -8.585674e-01 5.632621e+00 1.000002e+00 1.076344e-03
-5.757713e-02 -3.568995e-01 3.109944e+00 1.000003e+00 1.602384e-03
1.170404e+00 1.432564e+00 4.196320e+00 1.000004e+00 2.108134e-03
-6.851811e-01 -3.204222e-01 4.646286e+00 1.000005e+00 2.782470e-03
-2.467287e-01 6.508332e-01 4.796096e+00 1.000013e+00 6.886974e-03
8.296065e-01 -1.471607e+00 4.450974e+00 1.000002e+00 8.110617e-04
-9.831851e-01 -1.085523e-01 6.600102e+00 1.000002e+00 8.766668e-04
-1.414351e+00 -2.593226e-01 5.326367e+00 1.000003e+00 1.484452e-03
-1.139440e+00 -1.030357e+00 5.384483e+00 1.000000e+00 2.275535e-04
2.623215e-01 5.858634e-01 7.147982e+00 1.000004e+00 2.184528e-03
3.064948e-01 -3.249272e-01 6.664990e+00 1.000005e+00 2.549633e-03
-7.484153e-01 1.063250e+00 5.646265e+00 1.000006e+00 2.844871e-03
-1.863392e+00 -1.439725e-01 6.074453e+00 1.000007e+00 3.412059e-03
5.230847e-01 1.345902e+00 5.644436e+00 1.000004e+00 2.017401e-03
-1.281550e+00 9.234601e-01 5.921085e+00 1.000004e+00 1.880372e-03
-5.312541e-01 -1.327469e+00 3.853125e+00 1.000011e+00 5.606604e-03
4.334694e-01 -1.983913e+00 4.421298e+00 1.000011e+00 5.383372e-03
8.819803e-01 1.167647e+00 3.525467e+00 1.000009e+00 4.758435e-03
-7.908317e-01 -7.224979e-01 5.758881e+00 1.000006e+00 3.139403e-03
-1.976982e+00 -8.070757e-01 5.665296e+00 1.000001e+00 4.851067e-04
4.436024e-01 -4.538996e-02 5.969066e+00 1.000000e+00 9.566685e-05
-2.088849e-01 1.326840e+00 4.490217e+00 1.000003e+00 1.729120e-03
-1.587138e+00 1.896239e-01 5.910542e+00 1.000006e+00 2.991982e-03
4.330562e-01 1.771639e+00 6.284706e+00 1.000006e+00 2.837437e-03
-8.294495e-02 -1.977102e+00 5.704733e+00 1.000011e+00 5.525560e-03
-1.148128e+00 -6.756946e-01 5.009524e+00 1.000001e+00 2.859170e-04
-2.870436e-01 -4.446998e-01 6.242892e+00 1.000009e+00 4.769392e-03
7.149302e-01 -2.448103e-01 4.686092e+00 1.000003e+00 1.440513e-03
4.659291e-02 -4.025905e-02 5.587449e+00 1.000002e+00 9.791729e-04
-4.385622e-01 1.958290e+00 4.577417e+00 1.000009e+00 4.478579e-03
-9.185571e-01 1.893944e-01 4.304872e+00 1.000004e+00 2.031710e-03
7.619521e-01 -8.873207e-01 4.472537e+00 1.000002e+00 1.074748e-03
-2.086552e+00 8.731499e-01 4.989053e+00 1.000005e+00 2.314403e-03
-1.132361e+00 -1.251986e+00 5.251822e+00 1.000006e+00 3.216027e-03
-2.539203e-01 1.073477e+00 6.373791e+00 1.000003e+00 1.500599e-03
4.363335e-01 1.406492e+00 6.453322e+00 1.000002e+00 1.073954e-03
-1.589536e+00 -4.064825e-01 4.831536e+00 1.000002e+00 8.113034e-04
1.035151e+00 1.662728e+00 4.063729e+00 1.000004e+00 2.164124e-03
-2.038070e+00 7.682375e-01 5.120608e+00 1.000005e+00 2.499951e-03
7.763807e-01 -7.268227e-01 5.615773e+00 1.000002e+00 1.167147e-03
-5.895482e-01 5.977987e-01 4.962506e+00 1.000004e+00 1.873756e-03
-9.676828e-01 -2.838416e-02 6.611794e+00 1.000013e+00 6.441089e-03
-2.311646e-01 1.325464e+00 5.797194e+00 1.000003e+00 1.378832e-03
-3.263400e-01 1.087311e+00 3.074746e+00 1.000017e+00 8.538027e-03
-8.283027e-01 7.038169e-01 5.093916e+00 1.000009e+00 4.567434e-03
1.281249e-01 -1.747074e+00 5.051051e+00 1.000003e+00 1.509683e-03
-4.141496e-01 1.201677e+00 4.202661e+00 1.000015e+00 7.555635e-03
-8.265891e-01 1.102348e+00 3.613429e+00 1.000008e+00 4.085606e-03
-1.034366e+00 5.194684e-01 6.243643e+00 1.000004e+00 2.179345e-03
1.979856e-01 -2.277798e-01 5.669036e+00 1.000004e+00 2.207999e-03
-1.473791e+00 -1.607557e+00 5.390883e+00 1.000004e+00 1.850904e-03
-8.585727e-01 1.104342e+00 3.427472e+00 1.000014e+00 6.997904e-03
6.578329e-01 -4.329962e-01 5.477753e+00 1.000006e+00 2.936528e-03
1.333922e+00 5.456538e-01 4.101442e+00 1.000005e+00 2.691152e-03
1.070216e+00 5.864521e-01 4.248234e+00 1.000002e+00 8.929846e-04
4.077820e-02 -9.624835e-01 5.981738e+00 1.000010e+00 5.008192e-03
2.595011e-01 -1.669231e+00 5.562386e+00 1.000002e+00 9.301010e-04
1.821073e+00 -2.153353e-01 4.660431e+00 1.000003e+00 1.539711e-03
1.949989e-01 -1.696928e+00 6.110583e+00 1.000001e+00 2.912089e-04
-1.149419e+00 -4.035963e-01 4.652406e+00 1.000003e+00 1.473267e-03
-5.474588e-01 -1.781481e-01 6.558198e+00 1.000010e+00 5.346759e-03
-9.981116e-01 -3.188034e-01 4.916253e+00 1.000006e+00 3.150066e-03
7.390699e-02 9.489055e-01 5.377992e+00 1.000015e+00 7.918018e-03
9.725006e-01 2.241116e-01 5.884234e+00 1.000020e+00 1.009048e-02
1.294286e+00 -3.977960e-01 5.138569e+00 1.000008e+00 4.135144e-03
-2.058226e-01 -1.191918e+00 5.286625e+00 1.000004e+00 2.090232e-03
-5.886799e-01 1.234026e+00 5.044925e+00 1.000007e+00 3.553774e-03
-7.331777e-01 -1.265605e-01 5.218427e+00 1.000001e+00 3.782627e-04
-6.542355e-01 1.801595e+00 6.137900e+00 1.000003e+00 1.299880e-03
1.484071e+00 8.314627e-01 4.544487e+00 1.000011e+00 5.764659e-03
-1.056497e+00 1.738509e+00 5.284672e+00 1.000016e+00 8.279171e-03
-1.662221e+00 -7.784945e-01 5.910812e+00 1.000005e+00 2.352038e-03
-3.391389e-01 -1.139577e-01 3.144599e+00 1.000002e+00 8.419054e-04
-7.667352e-01 1.911057e+00 4.410837e+00 1.000003e+00 1.373274e-03
-1.714140e-01 1.176718e+00 5.072935e+00 1.000003e+00 1.438382e-03
1.633374e-01 -9.511318e-01 3.844174e+00 1.000007e+00 3.465553e-03
-6.546926e-01 -7.754857e-01 4.458910e+00 1.000001e+00 4.763264e-04
1.208097e+00 -1.323693e-01 6.840696e+00 1.000013e+00 6.397483e-03
9.391575e-01 -6.020477e-01 4.819890e+00 1.000004e+00 1.989665e-03
2.116685e-01 1.819061e+00 3.996916e+00 1.000009e+00 4.431883e-03
1.025471e+00 -8.319564e-01 5.016330e+00 1.000004e+00 2.000625e-03
-1.207040e+00 1.294366e+00 5.134974e+00 1.000012e+00 6.229244e-03
6.702642e-01 4.734601e-01 4.105711e+00 1.000002e+00 8.020312e-04
8.702505e-02 1.147830e+00 4.893077e+00 1.000004e+00 2.184648e-03
1.714692e+00 -9.880081e-01 5.041987e+00 1.000004e+00 2.145128e-03
-3.272929e-01 1.302755e+00 6.802425e+00 1.000002e+00 1.126896e-03
1.585864e+00 4.822940e-01 3.892922e+00 1.000001e+00 6.617922e-04
-8.917202e-01 -3.606873e-01 6.723893e+00 1.000004e+00 2.052715e-03
-1.410704e+00 8.754579e-01 4.683062e+00 1.000012e+00 6.079924e-03
-1.562731e+00 1.454941e+00 5.209749e+00 1.000005e+00 2.767583e-03
1.482265e+00 -1.132532e+00 4.850298e+00 1.000002e+00 1.188558e-03
-1.019196e+00 4.733314e-01 6.349259e+00 1.000004e+00 2.225278e-03
7.838023e-01 -6.086261e-01 4.641485e+00 1.000017e+00 8.794500e-03
-9.554128e-01 -1.325765e+00 4.072181e+00 1.000003e+00 1.509194e-03
-5.191696e-01 -1.187729e+00 6.228953e+00 1.000003e+00 1.384541e-03
1.533526e+00 -5.599342e-01 3.568378e+00 1.000002e+00 1.188442e-03
1.032150e+00 1.701534e+00 4.073381e+00 1.000006e+00 2.871040e-03
1.829838e-01 3.007295e-01 3.290395e+00 1.000003e+00 1.672545e-03
1.184955e+00 1.109741e+00 4.882591e+00 1.000007e+00 3.563545e-03
1.036073e+00 4.407862e-01 5.562346e+00 1.000001e+00 5.204172e-04
1.164252e+00 6.153498e-01 6.700623e+00 1.000007e+00 3.617186e-03
7.886475e-01 -1.472898e+00 6.389166e+00 1.000009e+00 4.652740e-03
1.595479e-01 -1.101798e+00 6.281935e+00 1.000005e+00 2.510922e-03
-1.832380e+00 2.759223e-01 4.590131e+00 1.000002e+00 1.187566e-03
-9.953418e-01 -1.533144e+00 5.697442e+00 1.000006e+00 3.256870e-03
8.059303e-01 -1.033115e+00 6.250141e+00 1.000003e+00 1.675715e-03
6.412179e-01 -6.101090e-01 4.217623e+00 1.000002e+00 1.059907e-03
1.485903e+00 4.131551e-01 3.514519e+00 1.000003e+00 1.779070e-03
8.916967e-01 1.239966e+00 5.676428e+00 1.000010e+00 5.363270e-03
-1.472347e+00 1.513872e-01 3.857281e+00 1.000002e+00 1.128426e-03
1.570097e+00 -1.057051e+00 5.680711e+00 1.000004e+00 2.072657e-03
8.038854e-01 1.001848e+00 4.989527e+00 1.000006e+00 3.082083e-03
1.253425e+00 -1.452607e-01 5.694744e+00 1.000000e+00 1.908273e-04
6.643828e-01 1.216455e-01 3.839233e+00 1.000002e+00 1.161532e-03
-7.297810e-01 -6.708617e-01 3.672665e+00 1.000002e+00 9.286382e-04
3.021126e-01 6.883907e-01 3.692451e+00 1.000009e+00 4.421311e-03
4.434909e-01 -5.603685e-01 6.948874e+00 1.000006e+00 3.284760e-03
-1.228784e+00 6.584909e-01 5.064493e+00 1.000003e+00 1.329931e-03
-7.545207e-01 -3.738279e-01 6.608064e+00 1.000020e+00 1.023534e-02
6.671686e-01 1.953160e+00 4.585485e+00 1.000002e+00 8.223385e-04
1.289639e+00 -8.745778e-04 4.743737e+00 1.000009e+00 4.729555e-03
6.230497e-01 -1.468635e+00 5.934378e+00 1.000001e+00 3.330651e-04
2.493786e-02 4.713324e-01 5.248672e+00 1.000002e+00 8.866368e-04
-2.043551e+00 -5.984578e-01 5.390319e+00 1.000012e+00 6.206122e-03
-1.291042e+00 5.522663e-01 3.416759e+00 1.000007e+00 3.517045e-03
-1.392131e+00 6.976468e-01 5.600864e+00 1.000009e+00 4.579129e-03
-1.020601e+00 1.540706e+00 4.624178e+00 1.000004e+00 1.926374e-03
-1.371492e+00 -7.715438e-01 6.585731e+00 1.000009e+00 4.391967e-03
-5.984069e-02 -1.124835e+00 5.886318e+00 1.000005e+00 2.554373e-03
-2.152988e-01 -1.844359e+00 5.054966e+00 1.000010e+00 4.920233e-03
-3.293280e-02 1.627939e+00 4.871643e+00 1.000001e+00 6.140417e-04
-5.380044e-01 -1.697093e+00 6.260043e+00 1.000015e+00 7.845855e-03
-1.478313e-01 1.345296e+00 6.785179e+00 1.000005e+00 2.603346e-03
4.356823e-01 1.591654e+00 4.915659e+00 1.000020e+00 1.014309e-02
7.020058e-02 -1.645412e+00 5.132439e+00 1.000004e+00 1.943872e-03
-1.371310e+00 -1.415969e-01 3.754800e+00 1.000004e+00 2.035804e-03
6.330709e-02 -1.370222e+00 5.073450e+00 1.000006e+00 3.025912e-03
-6.247095e-01 1.255776e+00 6.138094e+00 1.000003e+00 1.328791e-03
9.359941e-01 -8.408637e-01 3.160632e+00 1.000003e+00 1.695426e-03
6.469103e-02 -1.213691e+00 4.085674e+00 1.000009e+00 4.601285e-03
7.900079e-01 1.613585e+00 6.317425e+00 1.000002e+00 8.721771e-04
3.771867e-01 -1.817431e+00 4.151062e+00 1.000007e+00 3.339036e-03
-1.124498e+00 -1.328225e+00 5.569651e+00 1.000005e+00 2.424444e-03
-8.264439e-01 -1.646397e+00 3.869873e+00 1.000003e+00 1.603569e-03
8.850446e-01 -9.248513e-01 5.545534e+00 1.000016e+00 8.204663e-03
1.740144e+00 7.319415e-01 6.227686e+00 1.000003e+00 1.616951e-03
-1.766648e+00 -1.369068e+00 4.778747e+00 1.000010e+00 5.131088e-03
-5.692142e-01 -1.351484e-01 4.026516e+00 1.000008e+00 4.286691e-03
-1.007684e+00 -6.120807e-01 4.899809e+00 1.000005e+00 2.430712e-03
-3.170778e-01 6.423738e-01 5.549132e+00 1.000001e+00 6.604167e-04
-5.797947e-01 7.999219e-01 4.819392e+00 1.000010e+00 5.118682e-03
-1.946606e+00 -1.308218e-01 5.051644e+00 1.000016e+00 8.428872e-03
1.195617e+00 9.934905e-01 4.075860e+00 1.000002e+00 1.161669e-03
6.805195e-01 -1.887544e+00 4.922643e+00 1.000011e+00 5.455334e-03
-9.699667e-01 1.377898e-01 5.455407e+00 1.000011e+00 5.567572e-03
-1.062240e+00 -1.565487e+00 6.023704e+00 1.000004e+00 2.063894e-03
3.775221e-01 1.490658e+00 6.469032e+00 1.000002e+00 9.251053e-04
2.714606e-02 1.438616e+00 6.643953e+00 1.000006e+00 2.907256e-03
8.761306e-01 1.228234e+00 4.614475e+00 1.000002e+00 8.473813e-04
3.862382e-01 -1.136737e+00 3.765765e+00 1.000005e+00 2.436103e-03
-1.180762e+00 -6.595665e-01 4.816566e+00 1.000002e+00 9.697021e-04
2.194918e-01 -1.214395e+00 3.299914e+00 1.000000e+00 1.941017e-04
-8.996471e-01 -1.227034e+00 5.378370e+00 1.000001e+00 4.732029e-04
-1.686426e-01 -2.114365e+00 4.400940e+00 1.000001e+00 2.913468e-04
-9.837262e-01 -9.819289e-01 3.606319e+00 1.000004e+00 2.201072e-03
-1.252653e+00 -1.373210e+00 5.628590e+00 1.000002e+00 1.085971e-03
-7.170134e-01 1.344052e+00 4.135125e+00 1.000005e+00 2.363448e-03
-9.331956e-01 -8.648928e-01 5.759477e+00 1.000004e+00 1.834708e-03
1.607636e+00 8.938651e-02 5.941314e+00 1.000001e+00 4.389116e-04
2.648381e-01 -1.655014e+00 4.263170e+00 1.000008e+00 4.131068e-03
-1.086212e+00 -1.383931e+00 4.465522e+00 1.000001e+00 2.912091e-04
-9.004236e-01 -3.814001e-01 5.265551e+00 1.000004e+00 1.906960e-03
-1.709621e+00 -2.933558e-01 4.122190e+00 1.000004e+00 2.048787e-03
-6.560029e-01 -1.048575e+00 6.190539e+00 1.000002e+00 1.095286e-03
2.005518e+00 -3.755682e-01 4.024710e+00 1.000007e+00 3.404445e-03
-2.259226e-01 -1.680172e+00 5.513547e+00 1.000017e+00 8.600884e-03
-1.740307e+00 -1.894811e-01 4.512392e+00 1.000003e+00 1.661294e-03
1.701451e+00 3.029047e-01 3.554607e+00 1.000008e+00 4.099049e-03
-8.507942e-01 -8.561995e-01 4.737950e+00 1.000011e+00 5.738679e-03
-4.260642e-01 -1.013878e+00 6.115520e+00 1.000009e+00 4.549829e-03
-1.218499e+00 -3.996056e-01 4.888269e+00 1.000002e+00 8.193226e-04
1.288000e+00 -1.283713e+00 5.397763e+00 1.000008e+00 4.141950e-03
1.330985e-01 -7.407960e-01 4.727735e+00 1.000004e+00 2.086658e-03
-1.436105e+00 -1.178919e+00 3.832987e+00 1.000003e+00 1.340849e-03
-1.685520e+00 -8.068530e-02 4.219287e+00 1.000008e+00 4.134453e-03
1.844664e-01 -1.519377e+00 5.602630e+00 1.000009e+00 4.471496e-03
-1.766501e+00 -1.370159e+00 4.648130e+00 1.000012e+00 5.997621e-03
1.297039e+00 -6.968741e-01 5.484143e+00 1.000004e+00 1.851256e-03
-1.340751e+00 -6.575501e-01 5.972978e+00 1.000004e+00 2.096052e-03
4.239823e-01 -1.173868e+00 4.924556e+00 1.000001e+00 5.326506e-04
1.231955e+00 -1.011327e+00 6.486691e+00 1.000006e+00 2.911612e-03
1.518445e-01 -3.699901e-02 3.946732e+00 1.000007e+00 3.578152e-03
-1.232832e+00 -2.059530e-01 4.753872e+00 1.000001e+00 4.344600e-04
7.075112e-01 -2.204893e-01 3.168429e+00 1.000001e+00 7.025006e-04
1.249787e+00 2.897380e-01 5.150559e+00 1.000003e+00 1.600055e-03
1.172736e+00 2.990142e-01 5.033831e+00 1.000003e+00 1.520084e-03
-1.018776e+00 -1.395585e+00 6.405080e+00 1.000003e+00 1.771090e-03
5.062800e-01 -3.857637e-01 5.517981e+00 1.000002e+00 9.572611e-04
-7.071495e-01 -1.568001e+00 3.840721e+00 1.000015e+00 7.723751e-03
2.799523e-01 1.058767e+00 3.514641e+00 1.000002e+00 7.706042e-04
1.387537e-01 -1.939216e+00 4.418082e+00 1.000001e+00 6.126360e-04
6.932854e-01 -1.034351e-01 6.921731e+00 1.000003e+00 1.415398e-03
9.003702e-01 -5.688966e-02 3.961724e+00 1.000002e+00 1.097000e-03
8.345875e-01 -9.236372e-01 3.975218e+00 1.000004e+00 2.270432e-03
1.938764e+00 -2.821320e-01 5.532033e+00 1.000002e+00 8.780041e-04
1.112865e+00 1.314551e+00 5.933701e+00 1.000008e+00 4.211093e-03
8.183435e-01 -2.709408e-01 3.246350e+00 1.000006e+00 3.151088e-03
-1.495069e+00 8.683484e-01 4.452445e+00 1.000003e+00 1.578177e-03
8.802741e-01 -5.424958e-01 4.682006e+00 1.000011e+00 5.607898e-03
8.322279e-01 1.955011e+00 5.391215e+00 1.000007e+00 3.405842e-03
-1.719183e+00 -1.145858e+00 4.844720e+00 1.000009e+00 4.840754e-03
2.575125e-01 -1.614582e+00 5.627309e+00 1.000003e+00 1.310773e-03
5.874105e-01 7.983792e-01 4.898990e+00 1.000003e+00 1.770335e-03
1.843088e+00 1.072177e+00 4.846713e+00 1.000002e+00 1.247623e-03
1.868951e-02 1.844482e+00 5.510586e+00 1.000008e+00 4.198242e-03
8.893465e-01 -1.571771e+00 4.671076e+00 1.000000e+00 2.454182e-04
3.657864e-01 1.909797e+00 4.501619e+00 1.000004e+00 2.295018e-03
1.094295e+00 -1.388438e+00 3.577571e+00 1.000014e+00 7.285691e-03
1.731169e+00 2.496419e-01 6.087284e+00 1.000000e+00 2.279592e-04
9.147903e-01 -8.993182e-01 3.820847e+00 1.000012e+00 6.240071e-03
-2.073520e+00 4.113998e-01 4.635451e+00 1.000001e+00 3.058543e-04
4.137910e-01 -1.066092e+00 4.102657e+00 1.000007e+00 3.515518e-03
6.313861e-01 1.804449e+00 5.537766e+00 1.000005e+00 2.582967e-03
1.759112e+00 -5.523148e-01 6.038592e+00 1.000006e+00 2.958522e-03
-1.466977e+00 1.091812e-01 3.903602e+00 1.000010e+00 5.289151e-03
-1.742464e+00 5.982799e-02 4.507142e+00 1.000003e+00 1.742504e-03
-2.024126e-01 -1.942399e-01 4.232165e+00 1.000001e+00 3.342992e-04
-8.912162e-01 -5.882430e-01 3.077645e+00 1.000002e+00 8.625763e-04
-1.072373e+00 -1.941120e-01 4.525559e+00 1.000001e+00 5.039867e-04
1.598286e+00 1.605569e-01 5.061440e+00 1.000006e+00 3.044242e-03
5.396938e-01 1.518029e+00 4.097786e+00 1.000006e+00 3.127683e-03
5.569326e-01 8.175918e-01 4.702446e+00 1.000001e+00 4.041622e-04
1.018617e+00 1.003483e+00 6.587082e+00 1.000006e+00 3.085103e-03
1.412706e+00 1.077298e+00 3.683422e+00 1.000007e+00 3.726951e-03
-1.460371e+00 9.761201e-01 5.529818e+00 1.000000e+00 1.888543e-04
-4.370164e-01 -1.367374e+00 4.784111e+00 1.000004e+00 1.850390e-03
6.226769e-01 -1.213202e+00 6.045047e+00 1.000015e+00 7.476726e-03
1.368671e+00 1.466415e+00 4.531584e+00 1.000006e+00 3.020583e-03
-3.119089e-01 -2.062798e+00 4.607481e+00 1.000019e+00 9.540186e-03
6.304408e-02 -5.073136e-02 7.054147e+00 1.000008e+00 4.321791e-03
1.778484e+00 4.545166e-02 6.255355e+00 1.000002e+00 8.167414e-04
9.894677e-01 -1.532714e-01 3.116008e+00 1.000000e+00 2.354753e-04
8.188143e-01 -8.264347e-01 4.111941e+00 1.000004e+00 2.094660e-03
-1.593695e+00 2.495113e-01 5.408365e+00 1.000013e+00 6.874930e-03
-1.169757e+00 -1.054361e+00 5.277505e+00 1.000007e+00 3.748400e-03
-5.336156e-01 6.383898e-01 4.706438e+00 1.000007e+00 3.759840e-03
-1.319878e+00 -8.547329e-02 3.421161e+00 1.000003e+00 1.538226e-03
9.271903e-02 4.400335e-01 4.362701e+00 1.000016e+00 8.321988e-03
-5.983802e-01 -1.771770e-01 4.629973e+00 1.000004e+00 2.150065e-03
1.774062e+00 -6.718456e-01 4.062035e+00 1.000020e+00 9.997097e-03
-1.591436e+00 -1.064604e+00 4.160883e+00 1.000008e+00 3.924337e-03
-5.496761e-01 9.591999e-01 4.341648e+00 1.000002e+00 9.973456e-04
-4.744354e-01 -9.732355e-01 6.373377e+00 1.000003e+00 1.732314e-03
4.151484e-01 -9.797582e-01 3.828040e+00 1.000007e+00 3.729560e-03
-1.073534e+00 8.633028e-01 6.803862e+00 1.000003e+00 1.440598e-03
1.027285e+00 6.688789e-01 4.765199e+00 1.000005e+00 2.371277e-03
9.024250e-01 -1.244130e+00 4.976542e+00 1.000010e+00 5.276966e-03
-8.526794e-01 -1.863150e+00 5.707111e+00 1.000002e+00 9.291350e-04
-1.751876e+00 -4.512953e-01 3.966865e+00 1.000001e+00 2.884839e-04
4.962576e-01 -1.838422e+00 3.819712e+00 1.000005e+00 2.325388e-03
1.065275e+00 9.139822e-02 6.470206e+00 1.000012e+00 6.287803e-03
-1.253576e+00 1.915154e-01 3.445400e+00 1.000008e+00 4.273846e-03
-7.994895e-01 7.209307e-01 4.244868e+00 1.000000e+00 2.172864e-04
-1.966440e+00 3.581938e-01 5.842799e+00 1.000013e+00 6.718837e-03
6.439389e-01 -2.693480e-01 6.178610e+00 1.000001e+00 6.817202e-04
5.962191e-01 3.753162e-01 4.847555e+00 1.000007e+00 3.759038e-03
-2.239448e-01 3.078629e-01 3.128259e+00 1.000004e+00 1.982088e-03
1.328257e+00 1.495080e+00 4.055714e+00 1.000011e+00 5.513670e-03
1.677978e+00 -8.240241e-01 5.566016e+00 1.000004e+00 2.173771e-03
-1.843667e+00 -5.553083e-01 4.089801e+00 1.000002e+00 1.014627e-03
5.476296e-01 -5.296785e-01 6.774510e+00 1.000006e+00 3.021870e-03
-1.620819e+00 -5.525591e-01 4.831136e+00 1.000001e+00 5.915320e-04
2.037049e-01 1.260532e+00 3.899179e+00 1.000003e+00 1.722443e-03
-4.598771e-01 -9.963593e-01 3.078798e+00 1.000003e+00 1.712161e-03
-6.065650e-01 -9.157997e-01 3.311836e+00 1.000001e+00 6.131668e-04
5.361465e-01 2.305902e-01 3.587949e+00 1.000009e+00 4.814472e-03
-1.408979e+00 -7.185987e-01 5.343859e+00 1.000001e+00 6.604780e-04
3.703847e-01 8.819900e-01 2.997746e+00 1.000002e+00 8.087441e-04
6.958099e-01 1.494207e+00 6.040382e+00 1.000004e+00 2.193983e-03
5.830555e-02 -8.301180e-01 5.068753e+00 1.000002e+00 1.059119e-03
1.444503e+00 3.749652e-01 6.229780e+00 1.000004e+00 2.283976e-03
-1.703687e+00 8.953861e-02 6.269228e+00 1.000007e+00 3.750067e-03
-1.436330e+00 -1.574306e+00 4.480315e+00 1.000006e+00 2.907797e-03
-3.085967e-01 4.733635e-01 5.967214e+00 1.000003e+00 1.783545e-03
4.380309e-01 8.009184e-02 5.480735e+00 1.000004e+00 2.028945e-03
1.485220e+00 7.819270e-01 4.004796e+00 1.000000e+00 4.123283e-05
-6.970184e-01 4.409477e-01 7.014251e+00 1.000010e+00 4.977186e-03
7.353288e-01 -5.925174e-01 5.449688e+00 1.000008e+00 3.941651e-03
9.753771e-01 2.754140e-01 4.137059e+00 1.000004e+00 2.221427e-03
7.920608e-01 3.389377e-01 3.134932e+00 1.000002e+00 8.941897e-04
2.718577e-01 -4.109648e-01 5.543767e+00 1.000006e+00 2.857617e-03
-1.150837e+00 8.407644e-01 5.903887e+00 1.000005e+00 2.643504e-03
7.103134e-01 1.208684e+00 4.418797e+00 1.000006e+00 2.854465e-03
-1.121381e+00 9.257154e-01 4.570330e+00 1.000018e+00 9.352807e-03
-2.829605e-02 9.102203e-01 4.044451e+00 1.000001e+00 6.015016e-04
-1.189937e+00 -1.401452e+00 4.724532e+00 1.000001e+00 5.731398e-04
5.884466e-01 2.126200e+00 5.473433e+00 1.000001e+00 5.293159e-04
1.315845e+00 1.441762e+00 4.140673e+00 1.000003e+00 1.301362e-03
-1.564360e+00 1.066811e+00 4.888046e+00 1.000003e+00 1.510059e-03
1.310606e-01 -9.164841e-01 6.530979e+00 1.000008e+00 3.942646e-03
-1.643746e+00 3.824068e-01 4.801128e+00 1.000012e+00 6.133240e-03
5.995650e-01 -2.430845e-01 4.025165e+00 1.000003e+00 1.667568e-03
3.956647e-02 1.133695e+00 4.562687e+00 1.000007e+00 3.345588e-03
1.969726e+00 -1.322988e-01 5.654882e+00 1.000014e+00 7.324771e-03
5.207599e-01 1.000735e+00 6.913056e+00 1.000007e+00 3.544272e-03
-5.305015e-01 8.696975e-01 4.272224e+00 1.000002e+00 1.216470e-03
-1.288214e+00 -2.575798e-01 4.565182e+00 1.000002e+00 8.339103e-04
-6.227632e-02 -1.543619e-01 3.474634e+00 1.000003e+00 1.354331e-03
-2.444989e-03 1.353673e+00 3.719688e+00 1.000009e+00 4.434824e-03
1.271431e+00 -7.140472e-01 3.719270e+00 1.000006e+00 3.283115e-03
-3.024433e-01 3.847948e-01 4.052060e+00 1.000011e+00 5.435854e-03
-1.451441e+00 1.443325e+00 5.071030e+00 1.000009e+00 4.691510e-03
-4.591141e-01 1.203084e+00 6.508010e+00 1.000019e+00 9.770069e-03
-9.809523e-01 -3.248518e-02 5.626054e+00 1.000016e+00 8.306590e-03
1.227574e+00 5.263786e-01 6.424013e+00 1.000008e+00 4.186787e-03
4.309226e-02 -6.113561e-01 4.605934e+00 1.000001e+00 3.950279e-04
-1.044383e-01 -2.667780e-01 3.543842e+00 1.000011e+00 5.514022e-03
5.467590e-02 2.752343e-01 5.375712e+00 1.000010e+00 5.164135e-03
4.117470e-01 5.595678e-01 6.987533e+00 1.000010e+00 4.979316e-03
-1.716859e+00 -9.343573e-01 4.431958e+00 1.000003e+00 1.736986e-03
1.199844e+00 -4.905707e-01 5.254138e+00 1.000001e+00 5.082640e-04
-5.107945e-01 1.133348e+00 4.757270e+00 1.000001e+00 6.893819e-04
-9.514833e-01 -5.386282e-01 4.563841e+00 1.000005e+00 2.458289e-03
-1.437975e+00 -8.800696e-01 5.758194e+00 1.000003e+00 1.773697e-03
3.557005e-01 8.411975e-01 6.015812e+00 1.000007e+00 3.324205e-03
-1.380937e+00 -4.015687e-01 6.750292e+00 1.000005e+00 2.549453e-03
1.299184e+00 -9.907321e-02 4.629147e+00 1.000002e+00 1.174236e-03
-5.730244e-03 -2.005935e+00 5.502986e+00 1.000005e+00 2.397989e-03
1.789833e+00 9.074056e-02 5.558993e+00 1.000026e+00 1.331489e-02
1.485670e+00 -2.674560e-01 4.815848e+00 1.000004e+00 1.969629e-03
-1.526382e+00 -5.182565e-01 4.888499e+00 1.000009e+00 4.595790e-03
1.028505e+00 1.508643e-01 4.442842e+00 1.000013e+00 6.701309e-03
-3.929476e-01 -1.046122e+00 6.654515e+00 1.000008e+00 4.001840e-03
4.025585e-01 -1.613838e+00 4.793584e+00 1.000006e+00 2.991756e-03
1.735330e+00 -1.123912e+00 5.495167e+00 1.000006e+00 2.984893e-03
9.922904e-01 -4.307023e-01 5.224852e+00 1.000005e+00 2.377368e-03
6.782308e-01 2.075090e-01 3.545561e+00 1.000003e+00 1.642796e-03
-2.202750e-01 1.262223e+00 4.132867e+00 1.000004e+00 1.805750e-03
-3.459744e-01 -2.979507e-01 4.421424e+00 1.000003e+00 1.551939e-03
2.833307e-02 1.203867e+00 3.163468e+00 1.000010e+00 5.070180e-03
-5.575502e-01 -1.487496e+00 6.216734e+00 1.000006e+00 3.307467e-03
5.750238e-01 -1.279971e+00 4.006833e+00 1.000002e+00 9.261751e-04
-1.982348e+00 -2.882454e-01 5.309814e+00 1.000004e+00 1.918368e-03
1.777470e+00 2.578825e-01 3.682327e+00 1.000010e+00 4.975919e-03
-7.030565e-01 -1.142545e+00 5.830255e+00 1.000002e+00 1.230274e-03
-2.241696e+00 3.276294e-01 5.103809e+00 1.000005e+00 2.709089e-03
-4.720277e-01 1.954155e-01 6.642997e+00 1.000004e+00 2.261572e-03
-2.992723e-01 -1.408114e+00 6.424042e+00 1.000005e+00 2.801098e-03
8.699009e-01 -8.952514e-02 5.792320e+00 1.000003e+00 1.627973e-03
1.295408e+00 -4.016272e-01 5.853894e+00 1.000003e+00 1.586608e-03
-1.441440e+00 1.550192e+00 5.163582e+00 1.000003e+00 1.673108e-03
-1.331061e+00 1.045674e+00 5.502311e+00 1.000012e+00 6.334632e-03
1.568112e+00 -9.979276e-01 4.476168e+00 1.000011e+00 5.408372e-03
-1.265429e+00 -6.927161e-01 3.803869e+00 1.000002e+00 1.051691e-03
1.067429e-01 -1.448918e+00 6.141558e+00 1.000010e+00 5.197391e-03
2.899116e-01 -1.535950e+00 6.052627e+00 1.000014e+00 6.952246e-03
-1.248034e+00 8.612489e-01 4.321599e+00 1.000010e+00 4.864078e-03
5.739406e-02 -5.901005e-01 6.427838e+00 1.000001e+00 3.479229e-04
1.065503e+00 9.046114e-01 5.859685e+00 1.000002e+00 1.254606e-03
3.544176e-01 1.605930e-01 6.823300e+00 1.000002e+00 9.167868e-04
4.219887e-01 2.814170e-01 3.543857e+00 1.000011e+00 5.759436e-03
-1.251331e-01 -3.161953e-01 2.866902e+00 1.000009e+00 4.575758e-03
-1.250824e-01 6.467105e-01 6.409449e+00 1.000003e+00 1.639301e-03
8.747424e-01 -4.689281e-01 4.884499e+00 1.000012e+00 6.248449e-03
-7.027584e-02 2.186711e+00 4.597340e+00 1.000001e+00 3.765229e-04
-1.942776e+00 5.067749e-01 4.638554e+00 1.000003e+00 1.656511e-03
3.880125e-01 1.378184e+00 6.533960e+00 1.000001e+00 4.118468e-04
2.896852e-01 1.262407e+00 4.598623e+00 1.000013e+00 6.665672e-03
-1.770530e+00 -8.325348e-01 4.360549e+00 1.000004e+00 2.038977e-03
-2.449847e-02 1.853849e+00 3.858045e+00 1.000007e+00 3.595081e-03
1.653307e+00 4.574699e-01 5.002799e+00 1.000007e+00 3.621113e-03
-1.854664e+00 -6.160213e-01 4.262518e+00 1.000001e+00 5.328372e-04
4.777760e-01 1.275006e+00 4.914341e+00 1.000007e+00 3.752557e-03
3.731812e-01 -1.472701e+00 3.643975e+00 1.000003e+00 1.622868e-03
-2.052356e-01 -2.057875e+00 5.903665e+00 1.000013e+00 6.473263e-03
6.546011e-01 4.881147e-01 4.482368e+00 1.000002e+00 1.046122e-03
-1.999581e-01 6.972561e-01 3.922423e+00 1.000004e+00 2.225488e-03
3.411844e-01 -9.449746e-01 6.288007e+00 1.000003e+00 1.623921e-03
-7.912988e-01 -1.021972e+00 4.756485e+00 1.000001e+00 6.154733e-04
5.349840e-02 1.361156e+00 6.145551e+00 1.000002e+00 1.252598e-03
1.083580e+00 -3.858370e-01 5.520622e+00 1.000004e+00 1.893491e-03
-2.173363e-02 -2.675055e-01 5.742585e+00 1.000005e+00 2.348807e-03
-6.445012e-01 1.351983e+00 6.124946e+00 1.000004e+00 2.242273e-03
-3.969797e-01 -8.067959e-01 5.635747e+00 1.000011e+00 5.809403e-03
1.629445e-01 -8.832071e-01 5.685325e+00 1.000007e+00 3.782754e-03
-1.310456e+00 1.619121e+00 5.495692e+00 1.000001e+00 6.166936e-04
-1.843485e+00 2.123484e-01 5.660774e+00 1.000004e+00 2.161225e-03
6.352258e-01 8.375342e-01 3.800711e+00 1.000009e+00 4.513006e-03
-1.587332e+00 1.401271e+00 4.648268e+00 1.000023e+00 1.190466e-02
-1.724609e+00 -2.470424e-01 3.633660e+00 1.000001e+00 3.630844e-04
1.095113e+00 -1.277079e+00 4.268352e+00 1.000004e+00 1.814966e-03
-1.863890e+00 1.133245e+00 4.874712e+00 1.000007e+00 3.578027e-03
-4.829142e-01 -1.753508e+00 5.266695e+00 1.000006e+00 3.253520e-03
1.118115e+00 -7.881083e-01 3.318821e+00 1.000006e+00 3.248096e-03
1.356613e+00 -6.122137e-01 5.258811e+00 1.000009e+00 4.451368e-03
2.080401e-01 -1.481281e-01 5.556566e+00 1.000007e+00 3.725691e-03
6.014074e-01 -8.036004e-01 4.969242e+00 1.000004e+00 2.185145e-03
-6.132355e-01 5.885615e-01 2.944695e+00 1.000001e+00 3.778279e-04
1.042705e+00 5.834876e-01 3.668116e+00 1.000002e+00 9.112288e-04
1.527611e+00 -1.004141e+00 3.812263e+00 1.000003e+00 1.773658e-03
6.409403e-02 1.958472e+00 4.602284e+00 1.000003e+00 1.360801e-03
-7.214920e-01 -1.201859e+00 4.721891e+00 1.000011e+00 5.386138e-03
-1.318038e+00 -3.533285e-01 6.456024e+00 1.000002e+00 9.625906e-04
3.349455e-01 9.937522e-01 6.790934e+00 1.000005e+00 2.701310e-03
7.747130e-01 1.351127e+00 5.507117e+00 1.000005e+00 2.379362e-03
4.161714e-01 -1.558189e-02 3.439417e+00 1.000001e+00 6.119159e-04
-1.340654e+00 -7.301167e-01 3.936949e+00 1.000006e+00 3.181279e-03
-2.855530e-01 3.389479e-01 3.505419e+00 1.000012e+00 6.299355e-03
1.473802e+00 -7.596525e-01 6.102698e+00 1.000001e+00 3.180264e-04
-1.191583e+00 1.829489e+00 4.573095e+00 1.000007e+00 3.555496e-03
7.955689e-01 -1.101555e+00 4.991260e+00 1.000004e+00 1.815326e-03
3.921747e-01 6.147700e-01 3.076072e+00 1.000006e+00 3.028313e-03
2.470600e-01 -1.086210e+00 5.852999e+00 1.000006e+00 3.189013e-03
6.965965e-01 5.671464e-01 5.451280e+00 1.000005e+00 2.340439e-03
-5.911731e-01 -8.372601e-01 6.964046e+00 1.000014e+00 7.195764e-03
-3.344862e-01 -1.047678e+00 3.097540e+00 1.000000e+00 2.077512e-04
-3.910725e-02 1.474604e+00 4.533189e+00 1.000009e+00 4.749989e-03
-3.623939e-01 1.076370e+00 4.357785e+00 1.000007e+00 3.669228e-03
-2.826911e-01 -1.450073e-02 3.067476e+00 1.000004e+00 1.902802e-03
1.037103e+00 1.742576e+00 4.090967e+00 1.000004e+00 1.860765e-03
-1.028967e+00 -1.291197e+00 5.825862e+00 1.000002e+00 1.246538e-03
-3.132508e-01 5.554475e-02 4.975836e+00 1.000002e+00 9.253625e-04
2.057695e-01 1.679260e+00 5.486651e+00 1.000001e+00 6.157357e-04
1.750487e+00 1.008110e+00 5.904556e+00 1.000014e+00 7.089383e-03
1.308166e-01 1.304397e-01 4.153727e+00 1.000006e+00 2.935429e-03
5.234590e-01 1.260511e+00 3.256043e+00 1.000000e+00 1.371619e-04
5.887779e-01 1.220586e-01 4.497737e+00 1.000002e+00 1.052797e-03
5.258140e-02 6.836318e-01 3.246961e+00 1.000010e+00 5.210133e-03
-1.877739e-01 -2.026833e+00 4.277259e+00 1.000005e+00 2.306900e-03
1.358990e+00 -4.921523e-01 6.480308e+00 1.000001e+00 4.325470e-04
-2.003934e+00 4.996268e-01 5.282380e+00 1.000000e+00 2.434071e-04
-2.480133e-01 3.895460e-01 5.396338e+00 1.000006e+00 2.996435e-03
4.624136e-01 -3.037810e-01 5.070866e+00 1.000008e+00 4.162106e-03
5.212201e-01 -1.694476e+00 3.936771e+00 1.000005e+00 2.616577e-03
-1.462307e+00 1.287952e+00 5.185747e+00 1.000017e+00 8.510461e-03
-1.743444e+00 4.819259e-01 5.045450e+00 1.000013e+00 6.506389e-03
3.281825e-01 -9.594114e-01 3.221716e+00 1.000001e+00 5.821576e-04
7.919383e-01 8.919861e-01 6.307375e+00 1.000008e+00 4.276749e-03
2.069092e-01 1.136878e+00 4.529664e+00 1.000015e+00 7.856558e-03
1.768999e+00 1.027709e+00 4.973135e+00 1.000005e+00 2.476867e-03
1.222099e-01 2.055503e+00 4.728966e+00 1.000001e+00 5.105676e-04
-1.424092e+00 8.959255e-01 3.989272e+00 1.000002e+00 8.052905e-04
-1.147287e-01 -5.352211e-02 3.258455e+00 1.000003e+00 1.310039e-03
3.522913e-01 1.869453e+00 4.764388e+00 1.000011e+00 5.706105e-03
-5.561759e-01 1.228227e-03 3.810867e+00 1.000000e+00 1.445592e-04
-1.383984e+00 7.300486e-01 3.437468e+00 1.000007e+00 3.467608e-03
9.598353e-01 2.343687e-02 4.151432e+00 1.000015e+00 7.583824e-03
-9.488962e-01 -7.970779e-01 3.164863e+00 1.000006e+00 3.006489e-03
-2.120306e-01 2.052710e+00 5.671440e+00 1.000003e+00 1.418851e-03
-7.777243e-02 8.246593e-01 5.522947e+00 1.000001e+00 4.363881e-04
-1.829841e+00 4.120827e-01 4.775010e+00 1.000009e+00 4.608334e-03
1.222014e+00 1.649025e+00 5.244559e+00 1.000005e+00 2.323276e-03
1.175969e+00 1.542793e+00 4.011788e+00 1.000003e+00 1.372527e-03
1.280838e+00 -1.697094e-02 5.214091e+00 1.000003e+00 1.284475e-03
-1.531949e+00 1.211657e+00 4.914628e+00 1.000003e+00 1.696425e-03
-4.191421e-01 -3.184952e-01 4.058241e+00 1.000009e+00 4.470945e-03
-2.046135e-02 5.515199e-01 5.138175e+00 1.000004e+00 2.054872e-03
7.708415e-02 -4.532441e-01 3.586675e+00 1.000014e+00 7.172927e-03
9.958222e-01 -5.593834e-01 4.978708e+00 1.000002e+00 8.258697e-04
-8.432437e-01 -7.398122e-01 5.155219e+00 1.000000e+00 1.150001e-04
5.788189e-01 -6.544426e-01 5.538561e+00 1.000001e+00 3.359077e-04
-2.403158e-01 1.567259e-01 6.289712e+00 1.000010e+00 4.932276e-03
-6.512462e-01 -1.103730e+00 3.856634e+00 1.000004e+00 1.915610e-03
1.661811e+00 8.255061e-01 5.828159e+00 1.000001e+00 5.513513e-04
-1.707728e+00 -4.138168e-01 5.925598e+00 1.000004e+00 2.111000e-03
8.695451e-01 -1.210345e+00 6.057151e+00 1.000010e+00 4.903444e-03
-5.728432e-01 2.333865e-01 6.496919e+00 1.000004e+00 1.953178e-03
2.802165e-01 -1.834050e+00 5.455359e+00 1.000001e+00 4.722688e-04
3.058856e-01 4.337967e-01 6.512883e+00 1.000005e+00 2.512754e-03
-5.054054e-01 1.540483e+00 5.911164e+00 1.000002e+00 1.092710e-03
1.660608e+00 -1.500793e+00 5.045244e+00 1.000015e+00 7.777603e-03
-1.609704e+00 5.290061e-01 6.284312e+00 1.000005e+00 2.537386e-03
-6.192859e-01 -2.091279e-01 4.788683e+00 1.000000e+00 1.430922e-04
1.841961e-01 1.461314e+00 3.844903e+00 1.000006e+00 2.898266e-03
4.865238e-02 1.864996e-01 3.574897e+00 1.000008e+00 3.916597e-03
1.979909e+00 -4.939719e-01 4.464002e+00 1.000006e+00 2.855772e-03
-8.205077e-01 1.236439e+00 3.477483e+00 1.000002e+00 9.364320e-04
-6.292269e-02 -2.460847e-01 4.396721e+00 1.000001e+00 5.310241e-04
-1.151955e+00 -1.642750e+00 5.058777e+00 1.000004e+00 2.129747e-03
-1.372229e+00 6.476186e-01 4.299705e+00 1.000001e+00 7.422054e-04
1.874323e+00 2.085406e-02 4.437051e+00 1.000004e+00 1.892538e-03
-4.663357e-01 -2.183639e-01 6.606306e+00 1.000013e+00 6.807471e-03
1.732213e+00 3.792059e-01 5.362980e+00 1.000002e+00 1.219919e-03
7.955393e-01 -1.297821e-02 4.905494e+00 1.000005e+00 2.399551e-03
5.717649e-01 -7.540239e-01 6.708561e+00 1.000004e+00 1.800923e-03
1.359781e+00 9.668522e-01 3.967862e+00 1.000006e+00 2.986088e-03
1.152600e+00 -1.062362e+00 3.454896e+00 1.000004e+00 2.000390e-03
5.132218e-02 3.734164e-01 3.098682e+00 1.000003e+00 1.765977e-03
1.422133e+00 -6.521075e-01 6.075883e+00 1.000004e+00 1.885738e-03
8.720315e-01 -9.543871e-01 4.049541e+00 1.000009e+00 4.661816e-03
-8.067399e-01 -1.558148e+00 5.340395e+00 1.000002e+00 8.206888e-04
-1.204780e+00 1.177865e+00 6.095061e+00 1.000003e+00 1.766722e-03
-1.508253e+00 -1.307742e+00 5.411332e+00 1.000004e+00 2.206461e-03
-6.372433e-01 -1.380258e+00 4.296866e+00 1.000003e+00 1.655583e-03
7.718052e-01 9.772337e-01 3.106709e+00 1.000009e+00 4.780757e-03
