1.185228e+00 -3.492035e-01 4.515733e+00 1.580882e+00 2.968309e+02
4.938454e-01 5.283252e-01 2.408451e+00 1.506587e+00 2.588659e+02
-2.704910e-01 1.103447e+00 5.994650e+00 1.428211e+00 2.188157e+02
-1.269853e-02 1.954341e+00 3.676212e+00 1.010580e+00 5.406512e+00
4.845802e-01 9.054549e-01 3.667051e+00 1.467682e+00 2.389855e+02
-5.983597e-01 1.645668e+00 4.969872e+00 7.714316e+00 3.431015e+03
1.539861e+00 -1.063125e+00 4.402876e+00 1.345229e+00 1.764121e+02
-8.302288e-02 -2.536105e+00 5.058453e+00 7.666469e+00 3.406566e+03
-1.158213e+00 -1.524522e+00 5.497698e+00 1.404245e+00 2.065690e+02
-4.625307e-01 1.516171e+00 3.830039e+00 1.005118e+00 2.615052e+00
-4.723501e-01 1.629387e+00 4.714900e+00 1.344065e+00 1.758175e+02
1.309686e-01 1.674131e+00 5.671979e+00 1.292961e+00 1.497033e+02
-6.656333e-01 5.536364e-01 6.176516e+00 1.437187e+00 2.234028e+02
1.455913e+00 -9.195118e-01 4.547655e+00 1.341641e+00 1.745788e+02
-8.303282e-01 -9.426002e-01 3.907487e+00 1.423009e+00 2.161578e+02
-5.821451e-01 -1.313646e+00 5.331297e+00 8.134377e+00 3.645667e+03
-4.992292e-01 1.638311e+00 3.889402e+00 1.488722e+00 2.497369e+02
-2.343124e+00 -7.110495e-02 4.979502e+00 8.174890e+00 3.666369e+03
-1.370460e+00 1.696393e-01 4.247699e+00 1.257625e+00 1.316461e+02
6.520069e-01 -1.005777e+00 5.584382e+00 1.388849e+00 1.987018e+02
-3.840419e+00 1.158752e+00 4.981933e+00 7.705162e+00 3.426338e+03
-6.877816e-01 -2.007102e-04 4.271261e+00 1.003295e+00 1.683571e+00
-2.011609e+00 -8.021072e-01 5.249726e+00 1.322097e+00 1.645915e+02
-8.455207e-02 -2.403488e+00 5.523767e+00 1.354939e+00 1.813740e+02
-2.069010e+00 -4.388667e-01 5.242934e+00 8.262508e+00 3.711141e+03
-1.197143e+00 5.020795e-01 4.983132e+00 1.376161e+00 1.922184e+02
-1.074596e+00 -8.380656e-02 5.350797e+00 1.376785e+00 1.925369e+02
-4.570894e-01 1.652467e-01 5.261928e+00 1.000820e+00 4.189396e-01
-1.585852e+00 -7.003674e-01 4.469125e+00 1.398526e+00 2.036466e+02
-1.428321e+00 -1.276751e+00 4.939701e+00 1.565797e+00 2.891223e+02
-1.503482e+00 -1.436971e+00 5.152551e+00 8.155663e+00 3.656544e+03
-1.276338e+00 -3.301623e-01 4.780318e+00 8.234418e+00 3.696787e+03
1.618662e+00 1.084784e+00 5.092670e+00 1.381230e+00 1.948087e+02
-1.700451e+00 1.870390e-02 4.869237e+00 1.362607e+00 1.852922e+02
1.425358e+00 -1.026192e+00 5.330819e+00 1.392074e+00 2.003498e+02
1.629607e+00 1.800836e-03 5.537242e+00 1.304267e+00 1.554804e+02
1.514918e+00 -1.255956e-01 4.492153e+00 1.388522e+00 1.985346e+02
1.270992e+00 -3.444750e-02 5.761413e+00 1.420061e+00 2.146512e+02
1.139618e-01 1.382393e+00 3.714760e+00 1.390157e+00 1.993702e+02
1.265216e+00 -1.037437e+00 5.128509e+00 1.412865e+00 2.109742e+02
2.083448e-01 -1.544770e+00 5.908930e+00 1.330788e+00 1.690329e+02
-2.333954e+00 2.152089e+00 4.997521e+00 7.680156e+00 3.413560e+03
1.712397e+00 3.383950e-03 3.066151e+00 1.426067e+00 2.177202e+02
1.880051e+00 1.046720e+00 3.896025e+00 1.353255e+00 1.805134e+02
-1.978488e+00 -5.669932e-01 5.148495e+00 8.248742e+00 3.704107e+03
8.503824e-01 -1.497006e+00 5.627002e+00 1.425357e+00 2.173575e+02
-4.689767e-01 -2.181588e+00 4.817442e+00 1.362778e+00 1.853797e+02
4.337905e-01 1.594496e+00 4.037431e+00 1.005077e+00 2.594304e+00
-1.207410e+00 9.295933e-01 3.002824e+00 1.512741e+00 2.620108e+02
-3.888391e-01 -1.201745e+00 6.273717e+00 1.410744e+00 2.098904e+02
-4.336666e-01 -1.101835e+00 5.916163e+00 1.016772e+00 8.570395e+00
-2.689751e+00 -2.991339e+00 5.019231e+00 7.673972e+00 3.410400e+03
1.296080e+00 1.206883e+00 3.247678e+00 1.004220e+00 2.156198e+00
-1.718377e+00 8.361094e-01 5.075694e+00 8.195129e+00 3.676711e+03
1.396712e-01 -8.805012e-01 5.469305e+00 1.445599e+00 2.277009e+02
1.018064e+00 5.531879e-01 5.835495e+00 1.389053e+00 1.988059e+02
-1.494416e+00 -8.016352e-01 5.058751e+00 8.198258e+00 3.678310e+03
-2.971940e+00 1.915045e+00 4.997572e+00 7.682296e+00 3.414653e+03
-1.057392e-02 1.125750e+00 5.174254e+00 1.412708e+00 2.108937e+02
-1.186046e+00 3.935942e-01 5.133219e+00 1.380106e+00 1.942344e+02
1.344675e+00 -3.957623e-01 5.225143e+00 1.605891e+00 3.096105e+02
8.416207e-01 1.140831e+00 4.540583e+00 1.356258e+00 1.820480e+02
-8.870664e-01 -5.971321e-01 6.657267e+00 1.403119e+00 2.059940e+02
-2.290173e+00 -1.616237e+00 4.923068e+00 8.198777e+00 3.678575e+03
-1.141720e+00 1.043259e+00 3.828284e+00 1.357670e+00 1.827695e+02
-8.096655e-01 7.982122e-01 5.594125e+00 1.380643e+00 1.945085e+02
-1.143061e+00 1.515116e-01 7.394642e+00 1.508120e+00 2.596492e+02
1.260547e+00 -1.187265e+00 5.952482e+00 1.379245e+00 1.937944e+02
-9.102867e-03 9.140216e-01 6.275518e+00 1.492187e+00 2.515077e+02
7.632687e-01 -2.395215e-01 3.072700e+00 1.465586e+00 2.379147e+02
-1.326205e-01 7.761979e-01 4.741248e+00 1.017085e+00 8.730238e+00
1.758434e+00 9.389790e-01 4.480639e+00 1.351021e+00 1.793718e+02
1.177981e+00 -1.830727e-01 8.918378e-01 1.524264e+00 2.678990e+02
-1.562428e-02 2.630450e-01 5.513058e+00 1.000786e+00 4.016271e-01
-1.177298e+00 5.672191e-02 3.921833e+00 1.416395e+00 2.127779e+02
-2.040737e+00 3.157321e-01 5.369101e+00 1.312012e+00 1.594383e+02
-2.788124e-01 1.558796e+00 3.570556e+00 1.410896e+00 2.099678e+02
-1.466186e+00 -1.587705e+00 5.486528e+00 1.307581e+00 1.571740e+02
1.174719e+00 8.376729e-01 5.277960e+00 1.309211e+00 1.580066e+02
5.381349e-01 -7.317857e-01 4.998178e+00 1.545624e+00 2.788139e+02
1.624224e-01 1.203999e+00 6.260234e+00 1.390347e+00 1.994671e+02
-9.682611e-01 1.520808e-01 5.046771e+00 8.208876e+00 3.683736e+03
1.524906e+00 -1.119333e+00 5.398846e+00 1.009708e+00 4.960598e+00
-1.191127e+00 9.890607e-01 5.562638e+00 1.376666e+00 1.924763e+02
2.425160e-01 1.501909e+00 4.974391e+00 1.358867e+00 1.833810e+02
-1.860787e+00 -5.648818e-01 4.999985e+00 8.255710e+00 3.707668e+03
1.116592e+00 1.582201e+00 4.362856e+00 1.346063e+00 1.768382e+02
2.184273e+00 -1.973992e-01 4.225703e+00 1.296707e+00 1.516171e+02
-1.369438e+00 9.642750e-02 5.222882e+00 1.407491e+00 2.082279e+02
-2.805463e+00 -3.020177e+00 5.055147e+00 7.663609e+00 3.405104e+03
4.329370e-01 -1.018729e+00 4.012331e+00 1.460421e+00 2.352753e+02
8.118929e-01 1.061797e+00 5.340431e+00 1.296162e+00 1.513387e+02
-7.592229e-01 2.357789e-01 2.711720e+00 1.510694e+00 2.609645e+02
6.326867e-01 2.165132e+00 4.443602e+00 1.506739e+00 2.589436e+02
-2.057997e+00 -1.018306e+00 5.005710e+00 8.207889e+00 3.683231e+03
9.145089e-01 9.925134e-01 4.416896e+00 1.350822e+00 1.792701e+02
7.357511e-01 -5.550011e-01 4.811673e+00 1.389818e+00 1.991970e+02
-1.196828e+00 4.138393e-01 5.719704e+00 1.445647e+00 2.277256e+02
8.876208e-01 -1.077822e+00 5.040810e+00 1.355851e+00 1.818396e+02
-1.011575e+00 1.110608e+00 5.546637e+00 2.130943e+00 5.779118e+02
-1.109613e+00 -8.755260e-01 4.165273e+00 1.408611e+00 2.088003e+02
1.678385e+00 5.868823e-02 4.699158e+00 1.356477e+00 1.821596e+02
1.181021e+00 8.879276e-01 3.185346e+00 1.499556e+00 2.552732e+02
-3.148755e-02 -1.918830e+00 5.832342e+00 1.339199e+00 1.733305e+02
-1.477381e+00 -1.005002e+00 4.917763e+00 8.234720e+00 3.696942e+03
1.300861e+00 -9.067652e-01 4.960915e+00 1.363442e+00 1.857191e+02
2.943157e-01 -1.818876e+00 4.569448e+00 1.002783e+00 1.422320e+00
-1.095098e+00 -3.894065e-01 5.115689e+00 8.154623e+00 3.656013e+03
-1.093267e+00 9.250126e-01 4.936497e+00 1.370252e+00 1.891987e+02
-1.019180e+00 5.082868e-02 4.373137e+00 1.417862e+00 2.135275e+02
6.760852e-01 7.550793e-01 5.319196e+00 1.390515e+00 1.995531e+02
-2.541965e+00 -7.203268e-01 4.970625e+00 8.111513e+00 3.633983e+03
3.612652e-01 -4.579517e-01 5.796471e+00 1.002366e+00 1.208866e+00
-2.243260e+00 -1.022381e+00 4.851447e+00 8.188560e+00 3.673354e+03
-1.035367e+00 -1.630917e+00 4.376518e+00 1.208934e+00 1.067651e+02
-2.278473e-01 1.398875e+00 4.982877e+00 7.726092e+00 3.437033e+03
1.437641e+00 -1.347962e+00 5.184452e+00 1.285247e+00 1.457613e+02
-1.662388e+00 3.788885e-01 6.221321e+00 1.004165e+00 2.128531e+00
-3.149607e+00 -2.716275e+00 5.070230e+00 7.684389e+00 3.415723e+03
2.045804e-01 -6.144651e-01 5.758435e+00 1.000814e+00 4.157829e-01
-1.483138e+00 -9.621996e-01 5.397637e+00 1.252321e+00 1.289362e+02
-9.011506e-01 7.816311e-01 5.062318e+00 1.363112e+00 1.855505e+02
-1.580352e+00 1.328302e+00 5.369156e+00 1.334259e+00 1.708065e+02
-1.660191e-01 -2.429103e-01 4.150852e+00 1.001113e+00 5.686635e-01
-5.711968e-01 1.735557e+00 4.983172e+00 1.308686e+00 1.577385e+02
-7.505348e-01 -1.246508e+00 4.816601e+00 1.357726e+00 1.827981e+02
-1.600526e+00 -9.519044e-01 4.280549e+00 1.346904e+00 1.772679e+02
6.219164e-01 -1.619473e+00 4.060242e+00 1.473491e+00 2.419540e+02
-1.221354e+00 2.842647e-01 5.597750e+00 1.413626e+00 2.113628e+02
-1.132224e+00 1.395799e+00 5.183856e+00 1.145105e+00 7.414860e+01
5.015341e-01 2.137905e+00 4.699767e+00 1.325848e+00 1.665081e+02
1.514657e-01 3.048828e-02 1.315216e+00 1.000311e+00 1.589000e-01
-4.248306e-01 1.698929e+00 5.850611e+00 1.421359e+00 2.153143e+02
-1.181229e+00 2.442630e-01 5.503419e+00 1.401920e+00 2.053811e+02
-1.615363e+00 2.707810e-01 5.772146e+00 1.356588e+00 1.822163e+02
2.245601e+00 -6.113505e-02 4.850359e+00 1.355659e+00 1.817420e+02
4.011928e-01 -1.744603e+00 5.673009e+00 1.385902e+00 1.971957e+02
1.163430e+00 2.793133e-01 5.685332e+00 1.439267e+00 2.244654e+02
7.618221e-01 -1.676002e+00 4.773831e+00 1.529044e+00 2.703414e+02
-4.043524e+00 -1.712310e+00 5.050827e+00 7.705027e+00 3.426269e+03
-1.392279e+00 -1.599211e-01 4.739588e+00 8.245387e+00 3.702393e+03
-1.321612e+00 -2.528457e-01 5.199389e+00 8.144432e+00 3.650805e+03
-1.032725e+00 8.969956e-01 4.239256e+00 1.573761e+00 2.931918e+02
-1.186886e+00 -8.588553e-01 4.850493e+00 8.212522e+00 3.685599e+03
2.346308e-01 -1.670288e+00 5.013584e+00 1.416152e+00 2.126535e+02
-1.409260e+00 -4.043561e-01 5.109179e+00 8.232711e+00 3.695915e+03
1.275220e+00 7.714038e-01 4.118243e+00 1.376882e+00 1.925868e+02
-1.543691e+00 -2.043444e+00 5.042166e+00 8.226929e+00 3.692961e+03
1.550217e+00 6.774587e-01 5.368668e+00 1.341683e+00 1.745999e+02
-1.882881e+00 3.014576e-01 6.144909e+00 1.004943e+00 2.526067e+00
-1.984402e+00 -5.277013e-01 5.631730e+00 1.386506e+00 1.975045e+02
-1.211508e+00 -3.711009e-01 5.218436e+00 1.421525e+00 2.153991e+02
6.011666e-01 -6.718417e-01 5.860277e+00 1.390781e+00 1.996893e+02
1.615231e+00 1.763287e+00 4.380746e+00 1.424968e+00 2.171588e+02
-1.435028e+00 5.589487e-01 4.460827e+00 1.338288e+00 1.728650e+02
-1.292000e+00 -8.019220e-01 5.332456e+00 1.445893e+00 2.278515e+02
-1.288381e+00 1.300144e+00 4.565074e+00 1.398868e+00 2.038214e+02
-4.614895e-01 -1.157359e+00 6.641582e+00 1.455277e+00 2.326467e+02
2.967457e-01 1.176273e+00 5.364937e+00 1.372107e+00 1.901466e+02
-2.142955e+00 -8.754378e-01 5.206046e+00 8.206486e+00 3.682514e+03
-1.628421e-01 -2.426382e-01 5.250125e+00 1.001763e+00 9.009631e-01
1.027576e+00 -1.315348e+00 5.648981e+00 1.385684e+00 1.970844e+02
-1.789957e-01 -2.194177e+00 4.792157e+00 1.368998e+00 1.885581e+02
2.178215e-01 -4.615196e-01 5.471523e+00 1.000663e+00 3.386736e-01
7.834682e-01 -1.917007e+00 4.690042e+00 1.362678e+00 1.853284e+02
-2.202474e+00 2.121677e+00 5.010038e+00 7.698812e+00 3.423093e+03
4.544149e-01 1.664117e+00 5.214754e+00 1.306798e+00 1.567737e+02
1.003053e+00 -7.112224e-01 3.797099e+00 1.514427e+00 2.628720e+02
2.997896e-01 4.407705e-01 6.272457e+00 1.004490e+00 2.294594e+00
-5.739184e-01 -1.043021e+00 6.195735e+00 1.473916e+00 2.421712e+02
5.692429e-01 -1.014782e+00 4.619374e+00 1.429481e+00 2.194649e+02
5.588098e-01 1.439748e+00 6.033907e+00 1.424168e+00 2.167499e+02
-1.012724e+00 -1.661993e+00 3.780990e+00 1.006987e+00 3.570552e+00
-1.464634e+00 -1.058947e+00 5.766241e+00 1.346632e+00 1.771289e+02
9.822606e-02 1.810321e+00 4.305789e+00 1.409448e+00 2.092281e+02
-2.616932e+00 -7.757025e-01 5.101252e+00 8.191099e+00 3.674652e+03
-5.727335e-01 -1.623635e+00 4.580865e+00 1.307264e+00 1.570120e+02
-1.726578e-01 1.495193e+00 4.507953e+00 1.346894e+00 1.772630e+02
-4.993301e-01 1.305094e+00 6.676521e+00 1.496827e+00 2.538784e+02
9.107829e-01 -4.166931e-01 4.331716e+00 1.535854e+00 2.738216e+02
-5.339580e-01 7.101886e-01 3.727445e+00 1.440231e+00 2.249583e+02
1.012650e+00 -1.516093e+00 5.383733e+00 1.483234e+00 2.469326e+02
-1.583544e+00 5.818046e-01 5.222866e+00 8.205959e+00 3.682245e+03
1.206682e+00 4.543458e-01 4.282289e+00 1.378398e+00 1.933614e+02
-1.242256e+00 1.604496e+00 4.486570e+00 1.294952e+00 1.507206e+02
-1.155380e+00 -5.346005e-01 4.922243e+00 8.149825e+00 3.653560e+03
-1.967260e+00 5.745591e-02 5.120459e+00 8.222127e+00 3.690507e+03
-1.422756e+00 1.899785e-01 5.114581e+00 8.242277e+00 3.700803e+03
-1.973865e+00 -3.201227e+00 5.008697e+00 7.664126e+00 3.405369e+03
-2.345842e+00 -8.284562e-01 4.780396e+00 8.225718e+00 3.692342e+03
-1.529661e+00 -2.542535e-01 5.040970e+00 8.239243e+00 3.699253e+03
-5.042286e-02 7.680812e-01 6.200034e+00 1.000474e+00 2.424508e-01
-9.649745e-01 1.928113e-01 4.553474e+00 1.573452e+00 2.930341e+02
2.031021e-01 -1.754371e-01 4.471827e+00 1.004893e+00 2.500523e+00
-1.026050e-01 1.461058e+00 5.593532e+00 1.370998e+00 1.895799e+02
-5.644067e-01 1.112448e+00 5.512213e+00 1.389490e+00 1.990293e+02
-7.540783e-01 1.804693e+00 4.436774e+00 1.405561e+00 2.072415e+02
-2.923801e-01 -2.272215e+00 4.380855e+00 1.382611e+00 1.955144e+02
-1.448202e+00 -1.200878e+00 4.985072e+00 1.317917e+00 1.624555e+02
8.084687e-01 -6.586248e-01 5.680506e+00 1.442736e+00 2.262381e+02
-1.786017e+00 -1.076475e+00 5.337292e+00 8.151515e+00 3.654424e+03
-7.149861e-01 -1.568311e-02 4.279056e+00 1.001690e+00 8.635644e-01
4.472318e-01 -1.378149e+00 4.857013e+00 1.538871e+00 2.753629e+02
-2.100855e+00 2.020897e+00 5.038943e+00 7.707684e+00 3.427627e+03
-3.930978e-02 2.134824e+00 4.341970e+00 1.396666e+00 2.026962e+02
9.079167e-01 1.349804e+00 5.345000e+00 1.402356e+00 2.056037e+02
-3.898170e+00 -1.943368e+00 4.971600e+00 7.703198e+00 3.425334e+03
-1.264892e+00 -6.855931e-02 4.827366e+00 8.245333e+00 3.702365e+03
-1.649352e+00 -1.005441e+00 4.933999e+00 1.447885e+00 2.288690e+02
8.244382e-01 1.354274e+00 6.304675e+00 1.002088e+00 1.066798e+00
-2.621511e+00 7.116745e-01 4.963500e+00 8.205475e+00 3.681998e+03
-2.023975e+00 -1.545746e+00 4.975180e+00 8.217786e+00 3.688289e+03
-1.938341e-01 -2.907251e-01 3.714464e+00 1.002116e+00 1.081109e+00
-1.916027e+00 -1.133950e+00 4.509399e+00 1.373730e+00 1.909758e+02
-1.402504e+00 -8.555020e-01 6.660354e+00 1.401782e+00 2.053105e+02
-2.326344e+00 5.758961e-01 4.763130e+00 8.246592e+00 3.703008e+03
8.168131e-01 1.123500e+00 4.029785e+00 1.423287e+00 2.162994e+02
-1.334717e-02 -1.296577e+00 5.450042e+00 1.369411e+00 1.887691e+02
2.215539e+00 3.093972e-01 4.726390e+00 1.345836e+00 1.767220e+02
-1.691864e+00 -1.203135e+00 4.411105e+00 1.380935e+00 1.946577e+02
2.017418e+00 -3.627747e-01 5.263996e+00 1.387299e+00 1.979098e+02
-1.164827e-01 8.641697e-01 6.481889e+00 1.001757e+00 8.978304e-01
-8.898268e-01 1.166229e+00 6.412734e+00 1.003890e+00 1.987801e+00
-7.247128e-02 -2.793529e-01 8.121349e+00 1.000051e+00 2.609467e-02
-1.760326e-01 1.788352e+00 4.986572e+00 1.302973e+00 1.548192e+02
-2.507596e+00 4.479265e-01 4.824636e+00 8.194802e+00 3.676544e+03
1.051143e+00 -3.318458e-01 4.596784e+00 1.443359e+00 2.265564e+02
-1.135046e+00 -3.252954e-01 4.828681e+00 8.168555e+00 3.663131e+03
-1.389330e-01 7.779842e-03 3.559579e+00 1.001521e+00 7.774441e-01
-5.832893e-01 1.788648e+00 4.697580e+00 1.004725e+00 2.414381e+00
-1.158832e+00 -1.469515e+00 4.508022e+00 1.381463e+00 1.949276e+02
6.630309e-01 -3.304347e-03 5.008257e+00 7.675052e+00 3.410951e+03
1.226122e+00 1.066934e+00 5.570145e+00 1.394789e+00 2.017373e+02
-7.484410e-01 1.161128e+00 5.741481e+00 1.382961e+00 1.956930e+02
-4.818358e-01 1.046361e+00 8.292842e+00 1.002618e+00 1.337649e+00
1.667405e+00 -1.241565e+00 4.094468e+00 1.403199e+00 2.060348e+02
-2.402156e+00 -6.462886e-01 4.965094e+00 8.252705e+00 3.706132e+03
8.126730e-01 -6.427992e-01 4.746594e+00 1.382715e+00 1.955671e+02
-1.088157e+00 -1.338667e+00 5.988161e+00 1.416742e+00 2.129550e+02
8.341124e-01 -6.063170e-01 5.942167e+00 1.413268e+00 2.111801e+02
1.099857e+00 -1.166520e+00 5.125354e+00 1.335863e+00 1.716262e+02
1.030650e+00 9.490108e-02 4.950137e+00 1.378586e+00 1.934575e+02
-1.076567e+00 -9.531168e-02 4.560099e+00 1.411625e+00 2.103404e+02
1.046260e+00 -5.237112e-01 5.413868e+00 1.357197e+00 1.825279e+02
-4.007982e+00 9.383859e-01 5.024023e+00 7.680627e+00 3.413800e+03
8.793499e-01 1.025342e+00 4.805051e+00 1.373750e+00 1.909861e+02
-1.510666e+00 1.415311e+00 5.931571e+00 1.412343e+00 2.107074e+02
2.851902e-01 -1.675116e+00 5.120819e+00 1.326620e+00 1.669028e+02
-3.737616e-01 -1.816485e+00 4.262998e+00 1.375568e+00 1.919152e+02
-8.032114e-01 -1.464064e+00 4.403829e+00 1.404724e+00 2.068141e+02
7.862981e-01 -5.466214e-01 4.789590e+00 1.386989e+00 1.977516e+02
1.408713e-01 1.378049e+00 4.444074e+00 1.366178e+00 1.871170e+02
-5.629972e-01 1.105409e+00 2.670351e+00 1.001314e+00 6.713154e-01
9.729342e-01 1.615253e+00 4.896667e+00 1.336748e+00 1.720785e+02
1.298814e-01 1.023477e+00 6.024111e+00 1.396730e+00 2.027292e+02
-7.951207e-01 1.211141e+00 2.999471e+00 1.432857e+00 2.211900e+02
-1.510891e+00 -7.740339e-01 5.152783e+00 8.215607e+00 3.687175e+03
-1.122261e-01 -5.807961e-01 5.422298e+00 1.511142e+00 2.611937e+02
3.507081e-01 9.912688e-01 4.381766e+00 1.350945e+00 1.793327e+02
-3.798499e-02 -4.160824e-01 6.160090e+00 1.000894e+00 4.570859e-01
2.957643e-02 -5.760365e-01 5.430785e+00 1.000098e+00 4.984813e-02
-7.519349e-01 -7.332046e-01 3.377493e+00 1.000259e+00 1.325541e-01
1.204266e+00 -6.588573e-01 5.045317e+00 1.365046e+00 1.865386e+02
-1.254922e+00 -6.680630e-01 3.945873e+00 1.414724e+00 2.119238e+02
1.048961e+00 7.626601e-01 5.009489e+00 1.333265e+00 1.702986e+02
-1.468602e-02 7.433291e-01 6.045337e+00 1.468785e+00 2.395494e+02
8.720739e-01 -1.063420e+00 2.807530e+00 1.000320e+00 1.635974e-01
7.179284e-01 1.548612e+00 5.894580e+00 1.508335e+00 2.597592e+02
-2.221867e+00 -6.240566e-01 5.242379e+00 8.237873e+00 3.698553e+03
-6.425647e-01 -2.859421e+00 5.029429e+00 7.681719e+00 3.414359e+03
1.751579e+00 2.633038e-01 4.242440e+00 1.102675e+00 5.246709e+01
3.473932e-01 -8.130976e-01 6.601793e+00 1.432561e+00 2.210387e+02
-1.115452e+00 -3.206063e-01 5.104301e+00 1.394703e+00 2.016932e+02
-9.278887e-01 9.900844e-01 4.614565e+00 1.000781e+00 3.990525e-01
-3.991330e-01 -2.760993e+00 4.980735e+00 7.668297e+00 3.407500e+03
-5.893859e-01 -1.344566e+00 5.838854e+00 1.383003e+00 1.957145e+02
-4.500185e-01 -1.439488e+00 4.555787e+00 1.398727e+00 2.037494e+02
-1.045103e+00 9.974103e-01 3.958289e+00 1.006566e+00 3.354987e+00
1.293790e+00 1.548698e+00 4.628629e+00 1.415312e+00 2.122242e+02
1.495652e+00 1.628820e+00 5.937527e+00 1.482817e+00 2.467195e+02
-1.305084e+00 -6.559513e-01 3.375926e+00 1.409496e+00 2.092523e+02
2.856427e-01 2.283962e-01 4.673723e+00 1.001484e+00 7.582219e-01
1.719044e-01 1.541895e-01 4.826678e+00 1.007044e+00 3.599629e+00
-1.091543e+00 -9.166386e-01 5.306529e+00 8.248326e+00 3.703895e+03
4.953432e-01 8.983609e-01 6.395485e+00 1.576099e+00 2.943867e+02
8.504962e-01 1.327329e+00 5.737983e+00 1.362615e+00 1.852963e+02
1.057834e+00 -9.919541e-02 4.951068e+00 1.406659e+00 2.078026e+02
-1.103353e+00 1.160469e-01 5.361370e+00 1.412009e+00 2.105366e+02
-8.752000e-01 -9.609763e-01 6.087486e+00 1.007571e+00 3.868889e+00
4.377948e-01 3.503329e-01 5.016925e+00 7.730784e+00 3.439430e+03
6.931756e-01 -1.472797e+00 4.876821e+00 1.338796e+00 1.731249e+02
-1.847939e+00 -1.112578e+00 5.295226e+00 8.150403e+00 3.653856e+03
-1.150689e+00 1.238178e+00 4.258287e+00 1.379952e+00 1.941556e+02
-1.080783e+00 -1.629341e+00 5.160192e+00 1.304449e+00 1.555734e+02
5.830356e-01 -4.671331e-01 5.079313e+00 1.001507e+00 7.698443e-01
1.141514e+00 -1.328339e+00 3.474367e+00 1.431195e+00 2.203407e+02
1.798627e+00 7.639750e-01 6.261600e+00 1.012771e+00 6.525848e+00
-1.053402e+00 -1.469846e+00 4.920023e+00 1.395208e+00 2.019513e+02
-2.309009e+00 -3.403752e-01 5.053740e+00 8.151811e+00 3.654575e+03
-7.079057e-01 -9.532717e-01 4.390877e+00 1.413126e+00 2.111072e+02
7.218317e-01 1.636312e+00 4.970861e+00 1.350044e+00 1.788722e+02
-1.984783e+00 6.621193e-01 4.202662e+00 1.333734e+00 1.705379e+02
1.248635e+00 9.455740e-02 5.221711e+00 1.892913e+00 4.562787e+02
2.012247e-01 1.707702e+00 4.592026e+00 1.390345e+00 1.994664e+02
1.933329e+00 7.327989e-01 4.659473e+00 1.347528e+00 1.775866e+02
1.489309e+00 1.587641e-02 5.350958e+00 1.338498e+00 1.729724e+02
1.164907e+00 -1.021350e+00 6.185362e+00 1.435215e+00 2.223947e+02
1.261900e+00 -5.347918e-01 6.813623e+00 1.413439e+00 2.112675e+02
-8.361694e-01 1.054409e+00 2.730677e+00 1.001369e+00 6.995886e-01
-1.175464e+00 1.517719e-01 4.073011e+00 1.436943e+00 2.232780e+02
2.247128e-01 4.392624e-01 7.494764e+00 1.001124e+00 5.744303e-01
3.780035e-01 1.467981e-01 5.847103e+00 1.000908e+00 4.639615e-01
-1.767218e+00 -1.226310e+00 4.929877e+00 8.180459e+00 3.669215e+03
1.332912e+00 -1.114292e+00 3.460528e+00 1.006454e+00 3.298104e+00
1.409577e+00 6.746458e-02 5.351066e+00 1.306783e+00 1.567662e+02
1.529941e+00 9.739992e-01 4.418617e+00 1.364087e+00 1.860486e+02
-1.802746e+00 1.015980e+00 5.659327e+00 1.323957e+00 1.655422e+02
-1.615902e+00 -7.072902e-01 5.101768e+00 8.233185e+00 3.696158e+03
-1.688144e+00 1.314462e-01 5.009853e+00 8.206105e+00 3.682319e+03
-1.162654e+00 -8.219345e-01 3.881083e+00 1.451740e+00 2.308391e+02
-1.203152e+00 -2.916677e-01 5.180538e+00 1.360441e+00 1.841854e+02
-4.740578e-01 -9.848906e-01 4.900775e+00 1.513038e+00 2.621624e+02
-1.811930e+00 7.519335e-01 4.440620e+00 1.356461e+00 1.821517e+02
-1.411331e+00 1.111474e+00 4.639884e+00 1.363154e+00 1.855717e+02
-1.576176e+00 8.721740e-02 4.157126e+00 1.383232e+00 1.958313e+02
-1.739147e+00 -7.860320e-01 4.807988e+00 8.262252e+00 3.711011e+03
-1.520485e+00 -7.262902e-01 4.300055e+00 1.414898e+00 2.120130e+02
-2.251036e+00 -3.385174e-01 5.413354e+00 1.490072e+00 2.504268e+02
-5.311274e-01 1.125159e+00 5.336780e+00 1.455120e+00 2.325665e+02
1.170982e+00 -1.002203e+00 4.821890e+00 1.017884e+00 9.138822e+00
1.123683e+00 1.449164e+00 5.280131e+00 1.357980e+00 1.829277e+02
1.325766e+00 -2.133926e-01 5.516442e+00 1.338385e+00 1.729149e+02
-4.700570e-01 -1.344408e+00 5.416005e+00 1.393106e+00 2.008772e+02
-7.918562e-01 9.386266e-01 5.678486e+00 1.373492e+00 1.908545e+02
4.891634e-01 -7.146612e-01 6.546406e+00 1.555823e+00 2.840258e+02
2.653763e-01 -1.421925e+00 4.011333e+00 1.350836e+00 1.792771e+02
-1.001705e+00 8.492263e-01 5.168565e+00 1.353140e+00 1.804547e+02
-1.197388e+00 3.189355e-03 5.555627e+00 1.447996e+00 2.289262e+02
-1.103207e+00 1.558952e+00 4.028063e+00 1.511734e+00 2.614960e+02
-2.551315e+00 -1.216211e-01 4.896887e+00 8.122210e+00 3.639449e+03
-4.076895e-01 -1.711026e+00 4.494456e+00 1.293928e+00 1.501971e+02
5.003899e-01 -1.258663e+00 4.259159e+00 1.408193e+00 2.085866e+02
-1.885077e+00 3.162273e-01 4.974765e+00 1.411670e+00 2.103633e+02
-1.745240e+00 -2.134586e-01 5.644652e+00 1.327655e+00 1.674316e+02
-3.555970e-01 1.832515e+00 4.768091e+00 1.345489e+00 1.765447e+02
1.094164e+00 -1.438008e+00 5.036441e+00 1.342741e+00 1.751404e+02
-1.932023e+00 -4.373211e-01 5.109753e+00 8.247278e+00 3.703359e+03
1.536745e+00 -9.392374e-01 4.821926e+00 1.335680e+00 1.715323e+02
-3.285045e-01 1.026841e-01 4.582193e+00 1.001397e+00 7.136493e-01
-2.256104e-01 3.169572e-02 5.154022e+00 1.001686e+00 8.614251e-01
-1.373437e+00 1.065633e+00 6.757977e+00 1.004744e+00 2.424008e+00
-2.987944e-01 1.375941e+00 4.605530e+00 1.301020e+00 1.538215e+02
-1.288517e+00 1.362502e+00 4.831781e+00 1.166478e+00 8.507037e+01
-7.332457e-01 7.914774e-01 4.702340e+00 1.495411e+00 2.531551e+02
1.127985e+00 1.069955e+00 4.327686e+00 1.426078e+00 2.177261e+02
-2.575742e+00 8.427403e-01 4.701070e+00 8.238592e+00 3.698921e+03
-2.363312e+00 3.719893e-01 5.210578e+00 8.187375e+00 3.672748e+03
1.061783e+00 -1.580179e+00 3.624274e+00 1.404098e+00 2.064943e+02
-1.393749e-01 1.559761e+00 5.240290e+00 1.422059e+00 2.156724e+02
1.652860e+00 9.946420e-01 4.828238e+00 1.359316e+00 1.836105e+02
1.857796e+00 1.260767e-01 5.798931e+00 1.317438e+00 1.622107e+02
-1.693292e+00 1.063913e+00 5.376156e+00 8.172475e+00 3.665135e+03
-1.366156e+00 3.240432e-01 5.282730e+00 8.197541e+00 3.677943e+03
3.136955e-01 -1.319924e+00 5.337748e+00 1.344448e+00 1.760128e+02
-1.657492e+00 1.404159e+00 4.688333e+00 1.320345e+00 1.636961e+02
-8.955390e-01 -1.331324e+00 4.828034e+00 1.391641e+00 2.001285e+02
4.818374e-01 1.448582e+00 6.212849e+00 1.518478e+00 2.649420e+02
5.359534e-03 -1.323462e-01 5.837815e+00 1.000629e+00 3.212639e-01
-1.510754e+00 -8.789302e-01 4.522035e+00 1.342635e+00 1.750865e+02
4.207257e-01 -2.366436e+00 5.624567e+00 1.355272e+00 1.815441e+02
-9.529479e-01 5.389820e-01 6.539737e+00 1.451080e+00 2.305019e+02
1.776202e+00 4.885621e-01 5.419540e+00 1.310077e+00 1.584494e+02
-1.826281e+00 -1.735456e+00 5.042933e+00 8.204969e+00 3.681739e+03
-1.723430e+00 1.547371e-02 4.062919e+00 1.535415e+00 2.735971e+02
9.320762e-01 -6.262604e-01 4.571186e+00 1.499630e+00 2.553108e+02
8.027489e-01 9.248090e-01 6.210088e+00 1.385896e+00 1.971926e+02
-2.734685e+00 1.195841e-01 4.935735e+00 8.189640e+00 3.673906e+03
1.321218e+00 1.454874e+00 5.684120e+00 1.648060e+00 3.311586e+02
1.808150e+00 -2.498940e-01 5.040570e+00 1.475677e+00 2.430712e+02
-3.773824e-01 -1.313129e+00 4.349805e+00 1.418607e+00 2.139080e+02
-6.804415e-01 1.849709e+00 5.712643e+00 1.389998e+00 1.992891e+02
-2.131255e+00 7.292277e-03 5.166218e+00 8.220482e+00 3.689666e+03
8.358552e-01 -9.543567e-01 5.099795e+00 1.437123e+00 2.233698e+02
1.019166e+00 1.346690e-01 4.281150e+00 1.428944e+00 2.191905e+02
9.393998e-01 1.176298e+00 5.453038e+00 1.335950e+00 1.716702e+02
-1.146113e+00 -4.211116e-01 4.794117e+00 1.420069e+00 2.146553e+02
1.329081e+00 -1.032578e+00 4.195858e+00 1.391127e+00 1.998659e+02
7.057624e-01 1.606432e+00 4.864994e+00 1.390785e+00 1.996913e+02
8.045057e-01 1.270976e+00 6.147465e+00 1.363968e+00 1.859874e+02
-2.348942e+00 -3.264813e+00 5.111312e+00 7.652016e+00 3.399180e+03
6.272564e-01 -1.378113e+00 3.172336e+00 1.004909e+00 2.508606e+00
-1.292264e+00 1.077469e+00 5.314294e+00 1.323864e+00 1.654947e+02
9.464188e-01 5.648878e-01 6.109533e+00 1.411836e+00 2.104481e+02
-7.689891e-01 -1.318991e+00 3.583044e+00 1.480625e+00 2.455996e+02
1.231845e+00 1.682475e-01 4.996929e+00 1.398062e+00 2.034095e+02
-4.191212e+00 4.750250e-01 4.999776e+00 7.728777e+00 3.438405e+03
1.755715e-01 -1.866500e+00 4.961989e+00 1.487000e+00 2.488572e+02
-1.792687e+00 1.144198e-02 5.135959e+00 1.305051e+00 1.558812e+02
1.897978e+00 4.730837e-01 4.903969e+00 1.484795e+00 2.477301e+02
-1.263565e-01 -5.134440e-01 4.482995e+00 1.000628e+00 3.207391e-01
-1.050417e+00 -6.070192e-01 4.882265e+00 8.217302e+00 3.688041e+03
-2.480192e+00 -4.300404e-01 5.175453e+00 8.245374e+00 3.702386e+03
1.233180e+00 8.760174e-01 5.157914e+00 1.395848e+00 2.022785e+02
-6.674348e-01 -8.057620e-01 6.042948e+00 1.454754e+00 2.323791e+02
-5.971021e-01 7.170549e-01 6.030145e+00 1.479381e+00 2.449635e+02
1.045107e+00 1.918130e-01 5.875391e+00 1.380310e+00 1.943384e+02
1.712525e+00 -2.355069e-01 4.213670e+00 1.248125e+00 1.267918e+02
1.334411e+00 -4.403077e-01 4.374118e+00 1.429817e+00 2.196366e+02
-1.608071e+00 8.714755e-01 4.532508e+00 1.376418e+00 1.923497e+02
-6.076614e-01 -1.227342e+00 4.327026e+00 1.352982e+00 1.803739e+02
-1.460084e+00 -3.181201e-01 4.733027e+00 8.172109e+00 3.664948e+03
-1.636363e+00 3.346475e-01 4.901661e+00 8.249484e+00 3.704486e+03
3.620521e-02 -2.598957e-01 5.369640e+00 1.004122e+00 2.106217e+00
1.243568e+00 1.119263e+00 4.350009e+00 1.473404e+00 2.419095e+02
-4.223211e-01 1.767002e+00 4.652604e+00 1.354017e+00 1.809029e+02
-1.577992e+00 7.347619e-01 4.339775e+00 1.382936e+00 1.956804e+02
-1.740773e+00 -1.841791e+00 4.975684e+00 8.201054e+00 3.679738e+03
-2.149432e+00 3.665605e-02 4.972418e+00 8.243634e+00 3.701497e+03
1.094203e-01 1.766819e+00 5.745672e+00 1.002766e+00 1.413542e+00
-6.211156e-01 1.062515e+00 5.884220e+00 1.004809e+00 2.457617e+00
-6.899995e-01 -6.115592e-01 5.743043e+00 1.479102e+00 2.448213e+02
1.362342e+00 -4.106920e-01 4.369109e+00 1.470897e+00 2.406286e+02
2.005595e+00 -3.645122e-01 4.890381e+00 1.428173e+00 2.187962e+02
-1.875324e-01 1.486629e+00 3.795271e+00 1.387781e+00 1.981562e+02
-1.935265e-01 1.026326e+00 5.687407e+00 1.420680e+00 2.149674e+02
1.471844e+00 3.491072e-01 4.592740e+00 1.290431e+00 1.484105e+02
1.066310e+00 9.912400e-02 3.684445e+00 1.578205e+00 2.954627e+02
1.341403e+00 4.167637e-01 4.416376e+00 1.393612e+00 2.011359e+02
-8.616771e-01 -8.635521e-01 4.636092e+00 1.322151e+00 1.646190e+02
-4.758735e-01 1.148153e+00 6.455797e+00 1.400058e+00 2.044299e+02
-3.498887e-01 -1.123325e-01 5.993786e+00 1.000620e+00 3.168993e-01
9.880778e-01 -1.090517e+00 4.163228e+00 1.369632e+00 1.888820e+02
1.854888e+00 9.976166e-01 4.363410e+00 1.388968e+00 1.987625e+02
-8.925972e-01 -5.972686e-01 5.963812e+00 1.005996e+00 3.064116e+00
3.939393e-01 -2.464129e-01 5.313579e+00 1.001125e+00 5.746597e-01
1.814889e+00 -7.179484e-02 5.070418e+00 1.346216e+00 1.769166e+02
-1.157742e+00 -3.452188e-01 4.876450e+00 8.180224e+00 3.669094e+03
-2.604729e+00 -4.740468e-01 5.194914e+00 8.247411e+00 3.703427e+03
-9.670340e-01 -1.358985e+00 4.434084e+00 1.363064e+00 1.855259e+02
-1.026143e+00 1.054145e-01 4.137660e+00 1.390798e+00 1.996980e+02
-4.490713e-01 1.192411e+00 3.960227e+00 1.443607e+00 2.266830e+02
-1.525919e+00 -4.384421e-01 3.320561e+00 1.414718e+00 2.119208e+02
-1.986346e-01 -8.405085e-01 4.287818e+00 1.009720e+00 4.966790e+00
-8.221630e-02 -5.084351e-01 4.519731e+00 1.005137e+00 2.625058e+00
1.196969e+00 -1.009953e+00 4.572979e+00 1.301938e+00 1.542904e+02
6.160645e-01 2.304665e+00 4.599813e+00 1.456960e+00 2.335066e+02
-5.123953e-01 -1.260743e+00 4.773739e+00 1.314507e+00 1.607131e+02
-1.258110e+00 1.248365e+00 5.203727e+00 1.298103e+00 1.523308e+02
2.029237e-01 1.668667e+00 5.156710e+00 1.321834e+00 1.644573e+02
-3.634032e-01 -9.456469e-01 4.703426e+00 1.374245e+00 1.912394e+02
-2.099837e+00 -8.650487e-01 4.813120e+00 8.246782e+00 3.703105e+03
-4.841144e-01 -1.390518e+00 4.506748e+00 1.415837e+00 2.124929e+02
-5.699361e-01 1.548493e+00 6.178678e+00 1.012245e+00 6.257140e+00
-2.106711e+00 -3.087971e+00 4.920127e+00 7.679420e+00 3.413184e+03
1.034962e+00 -1.733740e+00 4.668407e+00 1.374549e+00 1.913943e+02
-1.412750e+00 -4.476465e-01 3.535805e+00 1.458983e+00 2.345404e+02
-1.950842e-01 4.672336e-01 5.965935e+00 1.003836e+00 1.960343e+00
-2.617753e+00 -3.397701e-01 5.258710e+00 8.232006e+00 3.695555e+03
-2.035038e+00 -1.497745e-01 5.053589e+00 8.247192e+00 3.703315e+03
-4.404648e+00 -7.439862e-01 5.086773e+00 7.673778e+00 3.410301e+03
-1.138164e+00 3.668139e-01 5.351296e+00 1.424457e+00 2.168975e+02
-1.019192e+00 -3.413135e-01 6.183951e+00 1.407585e+00 2.082759e+02
-1.304433e+00 1.281565e+00 5.086790e+00 1.357833e+00 1.828526e+02
-6.393317e-01 7.051975e-01 7.025347e+00 1.462239e+00 2.362039e+02
6.665054e-01 1.460804e+00 4.352410e+00 1.006762e+00 3.455612e+00
1.367877e+00 8.338019e-01 5.054444e+00 1.443650e+00 2.267051e+02
6.636974e-01 1.576370e+00 3.053540e+00 1.588373e+00 3.006586e+02
-6.702997e-01 -2.787171e-01 3.336205e+00 1.775698e+00 3.963816e+02
-1.070439e+00 -5.269850e-02 4.173631e+00 1.485988e+00 2.483398e+02
1.225027e+00 6.043881e-01 5.194083e+00 1.576045e+00 2.943592e+02
8.053007e-01 -1.015687e+00 3.507329e+00 1.003725e+00 1.903315e+00
-1.785583e-01 -1.509573e+00 4.613914e+00 1.417130e+00 2.131535e+02
6.136520e-01 8.042607e-01 4.583644e+00 1.382934e+00 1.956795e+02
1.438612e+00 8.792877e-01 5.220123e+00 1.374140e+00 1.911856e+02
1.507660e+00 4.577882e-01 4.681398e+00 1.364330e+00 1.861727e+02
-2.142094e-01 -1.780026e+00 4.258013e+00 1.331310e+00 1.692994e+02
-1.437447e+00 6.811691e-01 5.029593e+00 1.368648e+00 1.883791e+02
-1.787196e+00 -8.440220e-01 5.023229e+00 8.228134e+00 3.693576e+03
-1.328183e+00 4.859574e-01 4.805133e+00 1.426151e+00 2.177629e+02
-1.874853e+00 4.623720e-02 4.764311e+00 8.207542e+00 3.683054e+03
5.293129e-01 1.445781e+00 5.548582e+00 1.320884e+00 1.639715e+02
3.345903e-01 1.501173e+00 4.611391e+00 1.392507e+00 2.005713e+02
2.252003e-01 -1.295396e+00 5.574630e+00 1.843498e+00 4.310273e+02
-2.317220e-01 -1.916598e+00 5.133811e+00 1.309437e+00 1.581223e+02
3.968633e-01 1.858458e+00 4.695826e+00 1.292163e+00 1.492951e+02
8.850122e-01 7.087121e-01 6.184754e+00 1.506216e+00 2.586762e+02
-1.633055e+00 -1.264579e+00 5.297694e+00 8.179939e+00 3.668949e+03
-6.955007e-01 -7.177217e-01 5.604014e+00 1.396272e+00 2.024948e+02
-1.470184e-01 -6.758530e-01 5.448277e+00 1.457455e+00 2.337593e+02
1.111296e+00 -5.806506e-01 4.795769e+00 1.432922e+00 2.212233e+02
7.496328e-01 -9.630663e-01 5.516943e+00 1.421663e+00 2.154697e+02
-1.239183e+00 6.626188e-03 5.804106e+00 1.532269e+00 2.719894e+02
1.428303e+00 -5.166877e-01 5.717304e+00 1.395869e+00 2.022890e+02
-2.668235e+00 1.604192e-01 5.110788e+00 8.189362e+00 3.673764e+03
2.264288e+00 4.698375e-01 5.723997e+00 1.282779e+00 1.445002e+02
1.973015e+00 3.820220e-01 5.232553e+00 1.348808e+00 1.782407e+02
1.754845e+00 -1.367196e+00 4.352989e+00 1.478753e+00 2.446429e+02
-1.899635e+00 -1.020547e+00 4.403480e+00 1.304922e+00 1.558152e+02
-1.556707e-01 -4.070313e-01 3.713513e+00 1.000834e+00 4.262749e-01
9.507973e-01 -8.544040e-02 4.708224e+00 1.467167e+00 2.387224e+02
-1.150797e-01 -1.190909e+00 5.555363e+00 1.424856e+00 2.171015e+02
4.762920e-01 -7.125685e-01 4.791007e+00 1.460521e+00 2.353260e+02
-1.363784e+00 2.980505e-01 4.204533e+00 1.317143e+00 1.620603e+02
8.775188e-01 1.059900e+00 4.474931e+00 1.386042e+00 1.972677e+02
4.266481e-01 -1.882658e+00 5.246384e+00 1.011124e+00 5.684230e+00
-9.565088e-01 -5.671616e-01 4.352690e+00 1.400099e+00 2.044508e+02
-2.732827e-01 9.340039e-01 5.342763e+00 1.490627e+00 2.507105e+02
2.207763e-01 1.199079e+00 5.427112e+00 1.378921e+00 1.936285e+02
-9.206352e-01 1.908506e+00 5.017250e+00 7.700960e+00 3.424190e+03
1.964785e+00 -2.144736e-01 4.962026e+00 1.382614e+00 1.955158e+02
-1.861537e+00 8.417828e-01 5.798602e+00 1.409673e+00 2.093431e+02
7.063201e-01 8.517168e-01 6.633060e+00 1.587191e+00 3.000547e+02
-1.407264e+00 -1.743920e+00 5.057826e+00 1.481011e+00 2.457967e+02
-9.617495e-02 -1.097726e+00 4.343674e+00 1.363043e+00 1.855151e+02
1.942605e-02 8.771221e-01 6.270918e+00 1.415445e+00 2.122925e+02
6.399383e-01 -1.649047e+00 4.536029e+00 1.223888e+00 1.144068e+02
-6.729570e-01 -1.048348e+00 3.867838e+00 1.409779e+00 2.093972e+02
-1.382278e+00 1.905477e+00 5.652771e+00 1.434955e+00 2.222621e+02
-1.615338e-01 3.909825e-01 4.395453e+00 1.000826e+00 4.221227e-01
1.501211e+00 9.412178e-01 5.129631e+00 1.369062e+00 1.885909e+02
-4.605334e-01 9.614170e-01 4.530536e+00 1.497545e+00 2.542457e+02
3.982642e-01 1.311193e+00 2.910221e+00 1.000805e+00 4.113871e-01
-1.092142e+00 -1.811056e+00 5.561446e+00 1.353593e+00 1.806861e+02
9.489738e-01 -1.593372e+00 4.977829e+00 1.488952e+00 2.498546e+02
1.796664e+00 1.675090e-01 5.305889e+00 1.322642e+00 1.648699e+02
8.891552e-01 1.101448e+00 6.939676e+00 1.397844e+00 2.032983e+02
-1.296578e+00 -8.345909e-01 5.320182e+00 8.212748e+00 3.685714e+03
1.696985e+00 3.662986e-01 4.271444e+00 1.364067e+00 1.860383e+02
-2.074560e-01 1.205046e+00 5.871623e+00 1.000726e+00 3.711255e-01
1.370172e+00 5.715775e-01 4.499032e+00 1.382903e+00 1.956632e+02
-1.815260e+00 5.315591e-02 5.722906e+00 1.341037e+00 1.742700e+02
1.131483e-01 -1.203050e+00 3.414227e+00 1.452558e+00 2.312571e+02
1.503986e+00 -1.610472e-02 6.148056e+00 1.390356e+00 1.994718e+02
-1.804147e+00 3.884649e-01 5.028863e+00 8.184831e+00 3.671449e+03
-1.813747e-01 1.375666e+00 4.076522e+00 1.551667e+00 2.819019e+02
-1.865184e+00 1.071607e+00 4.796522e+00 8.179798e+00 3.668877e+03
-6.331335e-01 6.739497e-01 4.746110e+00 1.003309e+00 1.690651e+00
-1.048982e+00 6.760752e-01 4.027607e+00 1.465948e+00 2.380995e+02
6.779011e-01 -7.039695e-01 4.499734e+00 1.437210e+00 2.234145e+02
9.359565e-01 1.226811e+00 3.951585e+00 1.438700e+00 2.241757e+02
-3.936730e-01 -1.685861e+00 4.595722e+00 1.304068e+00 1.553785e+02
-1.456118e+00 -2.859276e-01 5.151814e+00 8.225780e+00 3.692374e+03
8.773757e-01 -1.121076e+00 7.700020e+00 1.002641e+00 1.349729e+00
7.853126e-01 1.554474e+00 4.447599e+00 1.301384e+00 1.540073e+02
-1.766005e+00 6.739825e-01 6.086695e+00 1.507234e+00 2.591966e+02
8.390617e-01 1.780925e+00 4.699668e+00 1.356624e+00 1.822350e+02
-7.183648e-01 -1.951981e-01 6.932071e+00 1.559859e+00 2.860882e+02
4.291055e-01 -1.898980e+00 4.960995e+00 1.390609e+00 1.996014e+02
-5.011051e-02 -1.829701e+00 6.736817e+00 1.006843e+00 3.496688e+00
-5.337654e-01 1.311558e+00 5.761029e+00 1.000296e+00 1.512513e-01
-6.500104e-01 1.732372e+00 3.414781e+00 1.429017e+00 2.192275e+02
9.287093e-01 1.487577e+00 4.521903e+00 1.441010e+00 2.253562e+02
9.548612e-01 -1.334425e+00 4.769191e+00 1.332556e+00 1.699359e+02
-1.372733e+00 1.330111e-01 5.266037e+00 1.377176e+00 1.927371e+02
7.493349e-01 1.366846e+00 5.147103e+00 1.335565e+00 1.714738e+02
3.714883e-01 1.786017e+00 6.003259e+00 1.475570e+00 2.430161e+02
-1.251200e+00 6.615764e-01 3.940033e+00 1.428657e+00 2.190437e+02
-6.354521e-01 -2.038656e+00 5.866066e+00 1.406670e+00 2.078084e+02
1.614038e+00 5.523576e-01 4.878962e+00 1.250564e+00 1.280380e+02
1.983179e+00 -1.159271e+00 5.651953e+00 1.416126e+00 2.126402e+02
-1.032389e+00 -5.371945e-01 4.249133e+00 1.332887e+00 1.701054e+02
-1.427830e+00 1.332694e+00 4.842928e+00 1.363485e+00 1.857410e+02
-2.541730e+00 -4.011351e-01 5.026676e+00 8.212374e+00 3.685523e+03
9.629576e-01 -2.888869e-01 3.796242e+00 1.414464e+00 2.117910e+02
-1.776016e+00 7.255932e-01 4.753276e+00 8.202334e+00 3.680393e+03
-7.735526e-01 7.326488e-01 4.728549e+00 1.428103e+00 2.187608e+02
7.359006e-02 -1.872105e+00 4.715840e+00 1.513417e+00 2.623559e+02
-1.406001e+00 3.126922e-01 3.098645e+00 1.002263e+00 1.156164e+00
-2.969138e+00 -2.792264e+00 4.995233e+00 7.696017e+00 3.421664e+03
1.060225e-02 9.742779e-01 4.830775e+00 1.405242e+00 2.070787e+02
1.303005e+00 6.094588e-02 9.718763e+00 1.002239e+00 1.144072e+00
-1.035226e+00 -1.287939e+00 5.638663e+00 1.358382e+00 1.831332e+02
-8.293308e-01 3.850378e-01 4.995568e-01 1.429081e+00 2.192605e+02
-1.154794e+00 -6.895320e-01 3.677535e+00 1.387090e+00 1.978028e+02
1.575900e+00 -2.882348e-01 5.130543e+00 1.407015e+00 2.079847e+02
1.192304e+00 -4.575343e-01 7.473286e+00 1.001059e+00 5.413330e-01
-1.062449e+00 -8.916018e-01 4.838860e+00 1.425202e+00 2.172781e+02
8.864359e-02 1.841624e+00 5.627159e+00 1.311794e+00 1.593268e+02
6.863559e-01 -1.480696e+00 6.211835e+00 1.322828e+00 1.649649e+02
-1.115652e+00 -6.322431e-01 4.354643e+00 1.395243e+00 2.019694e+02
-8.455568e-01 -1.327879e+00 3.564001e+00 1.004248e+00 2.170834e+00
-1.411292e+00 1.315231e+00 4.212710e+00 1.285275e+00 1.457755e+02
1.745922e+00 4.324365e-02 5.672251e+00 1.370810e+00 1.894841e+02
7.000360e-01 7.032228e-01 4.707818e+00 1.403998e+00 2.064428e+02
1.040850e-01 -1.372294e+00 8.538934e+00 1.001435e+00 7.332590e-01
1.480766e+00 -3.607209e-01 4.580107e+00 1.372008e+00 1.900959e+02
1.755543e+00 -2.124914e-01 5.116879e+00 1.433742e+00 2.216422e+02
-1.712664e+00 -8.255085e-01 5.679671e+00 1.356239e+00 1.820382e+02
-1.938493e+00 2.182345e-01 5.118169e+00 1.159983e+00 8.175133e+01
-1.405820e+00 -1.970380e-01 6.075088e+00 1.409661e+00 2.093369e+02
-1.072394e+00 -5.746170e-01 5.394333e+00 1.005813e+00 2.970292e+00
-1.153138e+00 -9.048870e-02 5.538251e+00 1.418133e+00 2.136661e+02
1.717211e+00 -1.049087e+00 5.518868e+00 1.375026e+00 1.916384e+02
-1.212724e+00 4.901459e-01 4.806995e+00 8.204258e+00 3.681376e+03
1.579181e+00 -1.187886e+00 3.656997e+00 1.484842e+00 2.477543e+02
1.147857e+00 8.301839e-01 5.643160e+00 1.363330e+00 1.856614e+02
3.101954e-01 -1.313682e+00 5.700687e+00 1.350683e+00 1.791990e+02
9.626255e-01 1.110131e+00 2.873014e+00 1.389480e+00 1.990243e+02
-1.261681e+00 1.422802e-01 4.632569e+00 1.393946e+00 2.013063e+02
-1.500350e+00 1.158251e+00 4.989414e+00 1.280371e+00 1.432698e+02
8.687389e-02 1.130955e-01 5.839860e+00 1.005529e+00 2.825089e+00
6.836187e-01 1.215295e+00 4.813218e+00 1.368727e+00 1.884193e+02
-2.813445e+00 4.719967e-01 5.124517e+00 8.159818e+00 3.658667e+03
-3.504841e-01 -1.530489e+00 5.208390e+00 1.382531e+00 1.954733e+02
-1.317930e+00 4.395770e-02 3.484950e+00 1.524407e+00 2.679718e+02
1.336725e+00 1.648791e+00 5.557105e+00 1.451224e+00 2.305753e+02
-2.159074e+00 4.876803e-01 4.856361e+00 8.184537e+00 3.671298e+03
1.506867e+00 -1.141618e+00 4.201074e+00 1.483386e+00 2.470102e+02
-2.519895e-01 -2.350603e+00 4.997598e+00 7.695224e+00 3.421260e+03
-5.927751e-01 7.061719e-01 5.626145e+00 1.015135e+00 7.733995e+00
4.482172e-01 7.482808e-01 4.608004e+00 1.534626e+00 2.731940e+02
-1.210313e+00 -1.265391e-01 5.605818e+00 1.361465e+00 1.847089e+02
6.574117e-01 -8.463342e-01 5.004768e+00 7.696472e+00 3.421897e+03
1.800974e+00 -6.217735e-01 5.236354e+00 1.334008e+00 1.706779e+02
-1.193832e+00 4.554717e-01 5.059291e+00 1.429980e+00 2.197198e+02
1.604500e+00 -1.193401e+00 4.683805e+00 1.350444e+00 1.790770e+02
-1.054156e+00 -6.776193e-01 4.825960e+00 1.424151e+00 2.167413e+02
6.156994e-01 -1.438230e+00 4.995056e+00 7.659306e+00 3.402905e+03
-1.826978e+00 -7.123343e-01 5.793036e+00 1.431011e+00 2.202466e+02
-1.122513e+00 4.027950e-01 5.603074e+00 1.419511e+00 2.143702e+02
-1.572313e+00 1.122357e+00 4.403153e+00 1.392727e+00 2.006835e+02
1.128723e+00 1.205027e+00 5.831153e+00 1.443445e+00 2.266002e+02
1.923475e+00 4.653565e-01 4.917023e+00 1.005884e+00 3.006910e+00
1.759490e+00 -5.534674e-01 5.112482e+00 1.013665e+00 6.982660e+00
8.815305e-02 1.577619e+00 6.033944e+00 1.426329e+00 2.178539e+02
6.476233e-01 1.056832e+00 4.686123e+00 1.348791e+00 1.782321e+02
1.890284e+00 -4.999385e-01 5.416737e+00 1.455627e+00 2.328256e+02
-1.316545e-01 1.443286e+00 8.790219e+00 1.001945e+00 9.936802e-01
-9.934659e-01 -9.920426e-01 4.396175e+00 1.415990e+00 2.125710e+02
3.708910e-01 1.791392e+00 4.860643e+00 1.336026e+00 1.717093e+02
-1.905640e+00 -6.907638e-01 4.943382e+00 8.262737e+00 3.711259e+03
-1.300123e+00 8.986746e-01 4.307636e+00 1.372898e+00 1.905508e+02
7.023754e-02 -9.162280e-01 5.988514e+00 1.425721e+00 2.175432e+02
-1.064009e+00 1.361066e+00 4.856955e+00 1.359161e+00 1.835314e+02
5.962035e-01 1.627888e+00 5.121023e+00 1.321112e+00 1.640881e+02
5.208685e-01 -1.054402e+00 5.377266e+00 1.403878e+00 2.063818e+02
1.315224e+00 1.108981e+00 5.073787e+00 1.358625e+00 1.832574e+02
1.110604e+00 1.569937e+00 5.131123e+00 1.337130e+00 1.722734e+02
4.119058e-01 -1.305706e+00 4.228612e+00 1.414420e+00 2.117686e+02
-1.708508e+00 3.912810e-01 4.548798e+00 1.351833e+00 1.797867e+02
-3.903264e+00 1.201351e+00 4.940243e+00 7.665504e+00 3.406073e+03
9.005383e-02 -4.579218e-02 4.882627e+00 1.000149e+00 7.592341e-02
2.602561e-01 -8.970300e-01 2.985783e+00 1.543086e+00 2.775170e+02
-1.000285e+00 9.047157e-01 3.213465e+00 1.448094e+00 2.289762e+02
8.188972e-01 -1.736486e+00 5.300694e+00 1.346962e+00 1.772977e+02
-1.915892e-01 1.378720e+00 4.255438e+00 1.391433e+00 2.000223e+02
-2.139708e+00 2.868698e-01 5.294502e+00 8.203366e+00 3.680920e+03
5.322980e-01 -1.230387e+00 3.542639e+00 1.505608e+00 2.583657e+02
-1.889240e+00 -1.094526e+00 5.041122e+00 8.227321e+00 3.693161e+03
-2.466070e+00 -7.549291e-01 5.010928e+00 8.206675e+00 3.682611e+03
8.699058e-01 2.137783e+00 4.608734e+00 1.376138e+00 1.922068e+02
2.840356e-01 1.823019e+00 5.995330e+00 1.522834e+00 2.671684e+02
-1.234016e+00 -2.100990e-02 4.130850e+00 1.395672e+00 2.021883e+02
8.058999e-01 7.603946e-01 5.591586e+00 1.377685e+00 1.929972e+02
1.283450e+00 5.110307e-01 4.977942e+00 1.366097e+00 1.870756e+02
-1.190341e+00 -4.539330e-01 5.685604e+00 1.460150e+00 2.351366e+02
8.489014e-01 -1.111457e+00 4.963103e+00 1.341219e+00 1.743629e+02
1.590937e+00 -1.520281e+00 5.613768e+00 1.269797e+00 1.378662e+02
-7.624944e-01 5.727716e-01 3.340542e+00 1.509786e+00 2.605007e+02
-2.898072e-01 -1.664072e+00 6.402983e+00 1.407741e+00 2.083558e+02
1.302095e+00 8.211270e-03 4.721452e+00 1.374402e+00 1.913193e+02
-1.026311e+00 2.239892e+00 4.202368e+00 1.489108e+00 2.499340e+02
-2.615755e+00 9.852225e-02 5.036595e+00 8.212245e+00 3.685457e+03
-1.619235e+00 -7.601695e-01 4.862140e+00 8.227045e+00 3.693020e+03
-4.377264e-01 1.430752e-01 5.894045e+00 1.000593e+00 3.027894e-01
-6.927964e-01 -1.892909e+00 4.477362e+00 1.368198e+00 1.881494e+02
-1.766238e+00 -1.051048e+00 4.833697e+00 1.508721e+00 2.599562e+02
2.134209e+00 6.063091e-01 5.280032e+00 1.292347e+00 1.493892e+02
-2.545455e+00 -1.100519e+00 4.833935e+00 8.142721e+00 3.649930e+03
9.794240e-01 -1.616298e+00 4.891554e+00 1.368861e+00 1.884879e+02
-3.206236e-01 -1.253287e+00 4.264542e+00 1.321795e+00 1.644371e+02
8.396821e-01 1.036288e+00 3.883755e+00 1.478914e+00 2.447251e+02
1.204704e+00 -3.866034e-01 3.951065e+00 1.416217e+00 2.126866e+02
-2.577333e+00 -5.574901e-01 5.009999e+00 8.169573e+00 3.663652e+03
3.615481e-01 -1.543605e+00 5.301108e+00 1.331600e+00 1.694477e+02
-1.767509e-01 -7.065425e-01 1.249040e+00 1.514095e+00 2.627027e+02
9.809201e-01 -1.832790e+00 4.576955e+00 1.315154e+00 1.610437e+02
-2.126190e+00 -1.390469e+00 5.094467e+00 8.240641e+00 3.699968e+03
9.509066e-01 -1.523087e+00 4.060200e+00 1.152041e+00 7.769279e+01
-7.385383e-01 -2.032813e+00 4.156428e+00 1.346674e+00 1.771502e+02
-2.554776e+00 6.151401e-02 4.919337e+00 8.217575e+00 3.688181e+03
-1.645922e+00 1.933819e-01 4.787855e+00 8.220857e+00 3.689858e+03
-3.246922e-01 1.035549e+00 3.540627e+00 1.509604e+00 2.604077e+02
1.451860e-02 -1.165040e+00 3.740533e+00 1.437401e+00 2.235117e+02
-8.881992e-01 -5.150037e-01 5.771400e+00 1.424645e+00 2.169936e+02
5.447479e-02 9.271282e-01 5.689474e+00 1.452518e+00 2.312369e+02
-1.475132e+00 -1.352788e-01 5.077069e+00 8.220505e+00 3.689678e+03
-1.369531e+00 -2.017783e-01 6.130669e+00 1.000796e+00 4.066639e-01
1.579213e+00 -3.977621e-01 4.597553e+00 1.405067e+00 2.069892e+02
-5.639184e-01 -1.035438e+00 4.700307e+00 1.437371e+00 2.234965e+02
-1.889222e+00 4.124905e-01 5.653972e+00 1.450938e+00 2.304291e+02
-1.003864e+00 1.745241e+00 5.696446e+00 1.509752e+00 2.604833e+02
-3.970265e+00 8.557654e-01 4.997290e+00 7.739719e+00 3.443996e+03
8.237285e-01 1.559256e-01 3.726106e+00 1.480541e+00 2.455564e+02
-1.358055e+00 1.440481e+00 5.226687e+00 1.347798e+00 1.777247e+02
-1.841803e+00 5.603893e-01 5.112572e+00 8.221232e+00 3.690049e+03
-9.107716e-01 -7.567152e-01 3.585679e+00 1.658956e+00 3.367264e+02
7.438280e-01 -8.257895e-01 4.999407e+00 7.671144e+00 3.408954e+03
-8.209686e-01 1.016053e+00 2.496942e+00 1.516964e+00 2.641684e+02
-4.272042e-01 8.793436e-01 6.585939e+00 1.446027e+00 2.279200e+02
1.064930e+00 5.765418e-01 5.169028e+00 1.396101e+00 2.024075e+02
1.987825e-01 3.565288e-02 5.173981e+00 1.001709e+00 8.731615e-01
9.641534e-01 1.564610e+00 5.534455e+00 1.318548e+00 1.627783e+02
-1.751574e+00 -5.155075e-01 5.030021e+00 8.220161e+00 3.689502e+03
-2.182966e+00 -3.191727e+00 4.988439e+00 7.660217e+00 3.403371e+03
1.383011e+00 8.958926e-01 4.516392e+00 1.266652e+00 1.362592e+02
-8.984232e-01 -2.276486e-01 4.022114e+00 1.423619e+00 2.164693e+02
-1.176535e-01 1.790728e+00 4.434568e+00 1.374348e+00 1.912916e+02
-1.767459e+00 -1.219008e+00 4.887015e+00 8.222543e+00 3.690720e+03
1.258876e-01 3.324036e-01 5.542743e+00 1.002799e+00 1.430538e+00
-1.750564e+00 -2.995498e-01 4.949617e+00 8.242119e+00 3.700723e+03
-7.591486e-01 3.659934e-01 3.657458e+00 1.001799e+00 9.194556e-01
1.230778e+00 -6.010766e-01 4.514425e+00 1.386689e+00 1.975980e+02
1.397304e+00 -5.373001e-01 5.673855e+00 1.371758e+00 1.899685e+02
-6.095366e-01 -7.254753e-01 4.480052e+00 1.382082e+00 1.952440e+02
1.840104e+00 5.988546e-02 5.073506e+00 1.327411e+00 1.673071e+02
-7.760808e-01 -4.563191e-01 5.421554e+00 1.413777e+00 2.114398e+02
-1.107369e-01 -1.408515e+00 1.741567e+00 1.441090e+00 2.253967e+02
1.829676e-01 -1.181662e+00 4.952479e+00 1.393261e+00 2.009561e+02
-2.331033e+00 -3.106136e+00 5.039541e+00 7.669936e+00 3.408337e+03
-1.241404e+00 1.162750e+00 5.893951e+00 1.002412e+00 1.232372e+00
8.508715e-01 1.016570e+00 3.552551e+00 1.424874e+00 2.171107e+02
-1.762560e+00 5.623476e-01 6.240893e+00 1.405698e+00 2.073115e+02
-7.699552e-01 3.398666e-01 4.258002e+00 1.427300e+00 2.183502e+02
-7.203111e-01 -9.780505e-01 4.936969e+00 1.383568e+00 1.960031e+02
9.005814e-01 1.021820e+00 2.982283e+00 1.424412e+00 2.168744e+02
-1.096047e+00 8.280955e-01 5.102042e+00 1.378160e+00 1.932399e+02
-2.099204e+00 3.235481e-01 5.175151e+00 8.253225e+00 3.706398e+03
1.359062e+00 -7.067788e-01 3.848990e+00 1.368381e+00 1.882429e+02
-2.373320e+00 -4.828630e-01 4.956797e+00 8.201453e+00 3.679942e+03
-7.362971e-01 1.094647e+00 5.820015e+00 1.392683e+00 2.006612e+02
-1.428313e+00 -1.277676e+00 5.085263e+00 1.102517e+00 5.238620e+01
2.873288e-01 1.555614e+00 4.406660e+00 1.299808e+00 1.532020e+02
-3.268336e+00 -2.694978e+00 4.969202e+00 7.680876e+00 3.413928e+03
-2.273557e+00 5.393156e-01 4.392582e+00 1.440044e+00 2.248624e+02
-1.421460e+00 -1.089798e+00 4.910938e+00 8.243001e+00 3.701174e+03
-1.291289e+00 1.226029e+00 5.745136e+00 1.301941e+00 1.542920e+02
2.051365e-01 -9.907811e-01 4.014810e+00 1.481658e+00 2.461271e+02
1.173278e+00 -7.020229e-01 4.950107e+00 1.006219e+00 3.178110e+00
-1.387045e+00 -6.357687e-01 5.999039e+00 1.424306e+00 2.168206e+02
2.069156e+00 4.684297e-01 5.210710e+00 1.351862e+00 1.798017e+02
1.698477e+00 -1.655004e-01 7.062374e+00 1.447096e+00 2.284662e+02
7.488552e-01 1.698455e+00 4.613755e+00 1.291851e+00 1.491360e+02
-1.496299e+00 4.628796e-01 4.653660e+00 1.324844e+00 1.659952e+02
-1.819729e+00 1.696366e-01 4.685629e+00 1.327995e+00 1.676053e+02
-1.206800e+00 2.920515e-02 5.077914e+00 8.206359e+00 3.682449e+03
6.930860e-01 1.196730e+00 4.908509e+00 1.319646e+00 1.633390e+02
2.542561e-01 3.504776e-01 3.367000e+00 1.000457e+00 2.335442e-01
2.861102e-01 5.178615e-01 4.856551e+00 1.012819e+00 6.550503e+00
-1.029431e-01 -2.831847e-01 6.191361e-01 1.000049e+00 2.492275e-02
-1.106300e+00 -8.979662e-01 5.100281e+00 8.240985e+00 3.700143e+03
-6.659605e-01 -7.007475e-01 3.199090e+00 1.533511e+00 2.726239e+02
-2.989368e+00 -2.880608e+00 4.982644e+00 7.681955e+00 3.414479e+03
5.634464e-01 1.250830e+00 5.503309e+00 1.344598e+00 1.760898e+02
1.691944e+00 -1.684282e+00 5.326598e+00 1.418679e+00 2.139451e+02
9.760646e-01 -1.657807e+00 5.156986e+00 1.402546e+00 2.057009e+02
-1.110279e+00 4.035411e-01 5.518002e+00 1.472959e+00 2.416819e+02
1.213719e+00 1.378589e+00 6.340756e+00 1.345929e+00 1.767698e+02
-1.231765e+00 -1.835670e+00 5.016560e+00 8.227486e+00 3.693245e+03
-1.615027e+00 -7.501156e-01 5.001072e+00 8.250239e+00 3.704872e+03
9.931411e-01 -7.464891e-01 4.674800e+00 1.699537e+00 3.574636e+02
-3.295924e-01 9.973313e-01 6.028143e+00 1.457125e+00 2.335910e+02
-1.250373e+00 -1.086977e+00 4.983646e+00 1.385863e+00 1.971759e+02
-5.889877e-01 -6.927144e-01 3.737469e+00 1.463893e+00 2.370492e+02
-1.654973e+00 -7.164886e-01 4.748778e+00 8.238891e+00 3.699073e+03
1.636221e+00 1.166886e-01 5.030384e+00 1.331067e+00 1.691755e+02
-1.012846e+00 -6.292734e-01 5.745237e+00 1.422243e+00 2.157659e+02
-1.694979e+00 -1.225650e+00 5.178695e+00 8.252632e+00 3.706095e+03
8.336456e-02 2.180033e+00 4.050934e+00 1.453731e+00 2.318565e+02
1.217969e+00 4.696914e-01 5.454076e+00 1.389825e+00 1.992005e+02
2.111825e-01 2.201667e+00 5.123628e+00 1.363362e+00 1.856780e+02
-5.008160e-01 1.707426e+00 5.329713e+00 1.340754e+00 1.741252e+02
-2.142597e+00 -2.866971e-01 5.113639e+00 1.402399e+00 2.056259e+02
1.353585e+00 7.825366e-01 5.458408e+00 1.319384e+00 1.632054e+02
-1.887599e+00 -3.450037e-03 5.110174e+00 8.258285e+00 3.708984e+03
-8.779663e-01 5.374025e-01 6.313048e+00 1.427196e+00 2.182973e+02
-6.074125e-01 1.125243e+00 4.671984e+00 1.374451e+00 1.913443e+02
2.009215e+00 -1.118721e+00 5.452896e+00 1.367620e+00 1.878540e+02
-4.316072e+00 2.069538e-01 5.002180e+00 7.700265e+00 3.423836e+03
1.333892e-01 -1.624581e+00 4.952025e+00 1.439047e+00 2.243528e+02
-1.401726e-01 -1.389132e+00 6.401641e+00 1.001249e+00 6.380183e-01
-1.101452e+00 -9.253870e-02 4.248474e+00 1.429116e+00 2.192781e+02
-1.209610e+00 1.390519e+00 4.685253e+00 1.301708e+00 1.541725e+02
3.540367e-01 2.415430e-01 2.847790e+00 1.000575e+00 2.940632e-01
-1.202687e+00 -1.304191e+00 4.181668e+00 1.357447e+00 1.826555e+02
-2.707485e-01 -3.748826e-01 3.351946e+00 1.001672e+00 8.543331e-01
-8.856932e-01 1.539119e+00 5.962349e+00 1.370004e+00 1.890723e+02
1.253796e+00 3.422236e-01 3.110032e+00 1.546626e+00 2.793257e+02
-6.123453e-01 -5.798733e-01 5.541254e+00 1.467842e+00 2.390671e+02
1.005298e+00 -8.696133e-01 4.965238e+00 1.399779e+00 2.042869e+02
7.265376e-01 1.297960e-01 5.688701e+00 1.436018e+00 2.228054e+02
-3.375316e-01 -1.006817e+00 7.124176e+00 1.000317e+00 1.619925e-01
1.172046e+00 1.275055e-01 5.232344e+00 1.397002e+00 2.028682e+02
-3.070689e-01 -1.720643e+00 4.935366e+00 1.325953e+00 1.665621e+02
-1.912306e-01 1.106272e+00 5.692816e+00 1.385269e+00 1.968724e+02
-3.888800e-03 -3.637458e-01 5.115752e+00 1.001373e+00 7.014367e-01
1.828258e+00 -3.124722e-01 5.711625e+00 1.313239e+00 1.600651e+02
-1.928566e+00 2.884624e-01 5.167691e+00 8.254787e+00 3.707196e+03
-1.823615e+00 2.872582e-01 5.757216e+00 1.371065e+00 1.896144e+02
1.849200e-01 9.385393e-02 6.221543e+00 1.004815e+00 2.460354e+00
-5.656711e-01 1.588669e+00 4.461328e+00 1.138773e+00 7.091298e+01
-2.477269e+00 -5.640693e-01 5.017898e+00 8.222293e+00 3.690592e+03
-5.471993e-01 5.113424e-01 3.454255e+00 1.000877e+00 4.480305e-01
-1.874954e+00 -5.196123e-01 5.129949e+00 1.314061e+00 1.604851e+02
-1.446518e+00 -1.191436e-01 5.137878e+00 8.248843e+00 3.704159e+03
-1.369304e+00 -3.863692e-02 5.035536e+00 8.213295e+00 3.685994e+03
-1.598997e+00 8.213127e-01 5.511362e+00 1.017841e+00 9.116504e+00
-6.862638e-01 -2.773053e+00 5.032652e+00 7.703490e+00 3.425483e+03
-1.545523e+00 1.156030e+00 4.716736e+00 1.370319e+00 1.892332e+02
-4.711900e-01 8.708654e-01 6.175061e+00 1.511981e+00 2.616220e+02
1.178718e+00 -1.108919e+00 4.566297e+00 1.399257e+00 2.040202e+02
8.659660e-01 -9.343609e-01 5.105453e+00 1.419130e+00 2.141754e+02
-8.386042e-01 1.949582e+00 4.996347e+00 7.678597e+00 3.412763e+03
-4.309490e+00 -1.377996e+00 5.011720e+00 7.655456e+00 3.400938e+03
-3.399591e-01 -2.061199e+00 4.415471e+00 1.310232e+00 1.585284e+02
-1.229528e-01 -8.614452e-02 6.747967e+00 1.000159e+00 8.138691e-02
5.773064e-01 1.706312e+00 4.306521e+00 1.577905e+00 2.953093e+02
-2.583233e+00 -1.581317e-01 4.989557e+00 8.210529e+00 3.684580e+03
1.850865e+00 -9.132387e-01 5.777334e+00 1.347699e+00 1.776740e+02
-1.011513e+00 1.163646e+00 4.782054e+00 8.188065e+00 3.673101e+03
-2.271771e-01 1.690319e+00 4.677179e+00 1.318715e+00 1.628631e+02
-2.570471e+00 -2.708215e-01 5.161340e+00 8.127175e+00 3.641986e+03
-6.311760e-01 -2.209811e+00 4.959133e+00 1.612779e+00 3.131300e+02
-7.465706e-01 -2.949077e+00 5.013567e+00 7.667744e+00 3.407217e+03
1.060034e+00 2.106875e+00 4.288027e+00 1.385111e+00 1.967920e+02
1.231448e+00 -8.838250e-01 4.027470e+00 1.392854e+00 2.007482e+02
-1.173082e+00 1.967654e+00 5.012262e+00 7.713816e+00 3.430760e+03
-1.347770e+00 -1.073667e+00 5.096132e+00 8.208039e+00 3.683308e+03
-1.287683e+00 -4.659575e-01 5.084538e+00 8.259378e+00 3.709542e+03
-1.701680e+00 4.096257e-01 5.114821e+00 8.255383e+00 3.707501e+03
-6.582170e-01 -7.846479e-01 4.823802e+00 1.372957e+00 1.905808e+02
9.441595e-01 6.550466e-01 5.096125e+00 1.369458e+00 1.887931e+02
-3.051802e-01 -1.649218e+00 4.776468e+00 8.187160e+00 3.672639e+03
2.877625e-01 1.538856e-01 5.791861e+00 1.009172e+00 4.686721e+00
3.644014e-02 -1.329063e+00 3.894565e+00 1.307336e+00 1.570487e+02
-1.636160e+00 9.499773e-01 4.447876e+00 1.412551e+00 2.108136e+02
1.103167e+00 -1.348991e+00 5.680186e+00 1.551155e+00 2.816403e+02
-1.388116e+00 -1.249432e+00 4.400932e+00 1.354869e+00 1.813378e+02
-1.452838e+00 -9.433192e-01 4.866996e+00 8.222860e+00 3.690882e+03
-2.009606e+00 -1.473598e+00 4.888106e+00 8.195752e+00 3.677029e+03
-1.816800e+00 -4.802930e-01 4.058371e+00 1.337140e+00 1.722788e+02
-1.961126e+00 -1.602934e+00 5.166557e+00 8.230702e+00 3.694889e+03
-1.494990e+00 1.206389e-01 5.407117e+00 1.326912e+00 1.670522e+02
-1.312081e-01 1.622540e-01 3.469078e+00 1.000745e+00 3.805485e-01
1.955503e+00 3.555725e-01 4.188843e+00 1.252127e+00 1.288370e+02
-1.844763e+00 -3.423090e-01 4.827493e+00 8.249113e+00 3.704297e+03
-1.856873e+00 2.191404e+00 5.001765e+00 7.690168e+00 3.418676e+03
-1.442170e+00 -2.286385e-01 5.271825e+00 1.311177e+00 1.590113e+02
1.783919e+00 -8.281299e-01 5.274227e+00 1.423151e+00 2.162304e+02
-1.871665e+00 -1.374781e-01 5.079155e+00 8.208498e+00 3.683542e+03
2.054997e+00 8.278796e-02 5.197947e+00 1.354825e+00 1.813154e+02
-2.561277e+00 -9.528608e-02 4.890174e+00 8.160198e+00 3.658861e+03
-1.565800e-01 1.109330e+00 5.394687e+00 1.374682e+00 1.914624e+02
-1.674533e-01 4.075245e-01 6.341373e+00 1.000511e+00 2.610018e-01
1.538724e+00 -1.218230e+00 5.205950e+00 1.292543e+00 1.494896e+02
-9.108005e-01 9.907026e-01 5.953915e+00 1.392015e+00 2.003195e+02
1.720253e+00 -3.185307e-01 4.307238e+00 1.419510e+00 2.143694e+02
8.826628e-02 -1.312418e+00 1.260124e+00 1.002389e+00 1.221015e+00
6.910411e-01 -7.933296e-01 5.044759e+00 7.680475e+00 3.413723e+03
2.509691e-01 -1.343944e+00 4.052879e+00 1.420989e+00 2.151253e+02
-1.099262e+00 -8.410701e-01 2.988996e+00 1.002904e+00 1.484110e+00
