-7.769019e-01 6.252109e-01 2.372743e+00 1.580354e+00 2.965611e+02
7.290038e-01 8.164150e-01 7.405924e+00 1.506398e+00 2.587694e+02
-1.267853e+00 5.099455e-01 5.450563e+00 1.428905e+00 2.191703e+02
-8.736302e-01 1.816366e+00 5.615022e+00 1.010538e+00 5.384676e+00
1.046175e-01 -8.772964e-01 3.504860e+00 1.467471e+00 2.388776e+02
2.282363e+00 -2.137787e+00 4.990547e+00 1.130371e+01 5.265197e+03
1.097590e+00 1.505328e+00 4.230770e+00 1.345228e+00 1.764116e+02
-1.095462e+00 1.604935e+00 5.337594e+00 1.404373e+00 2.066347e+02
-7.720014e-01 1.357995e+00 6.241747e+00 1.005132e+00 2.622397e+00
-1.430728e+00 -4.583565e-01 5.388234e+00 1.344414e+00 1.759956e+02
9.060461e-01 1.280618e+00 5.127143e+00 1.293509e+00 1.499831e+02
2.733365e-01 -9.376218e-01 4.473944e+00 1.437770e+00 2.237003e+02
1.190609e+00 1.141915e+00 5.756702e+00 1.341764e+00 1.746416e+02
7.404163e-01 5.781390e-01 5.214421e+00 1.423430e+00 2.163729e+02
1.936413e+00 1.432206e+00 5.213695e+00 1.184710e+01 5.542869e+03
-1.703648e-01 1.713177e+00 6.181149e+00 1.488993e+00 2.498756e+02
1.093462e+00 7.071148e-01 5.142520e+00 1.196790e+01 5.604596e+03
5.512413e-01 1.324035e+00 5.573626e+00 1.257272e+00 1.314662e+02
-6.287761e-01 1.101543e+00 5.195552e+00 1.389411e+00 1.989890e+02
4.057163e+00 1.776616e+00 4.942262e+00 1.128662e+01 5.256464e+03
-6.850711e-01 -1.086981e-01 5.634891e+00 1.003233e+00 1.652098e+00
2.126219e-01 -1.879610e+00 5.649392e+00 1.322278e+00 1.646839e+02
8.908435e-01 2.019949e+00 5.197205e+00 1.354661e+00 1.812317e+02
2.070871e+00 4.182699e-01 4.749698e+00 1.200158e+01 5.621809e+03
1.273108e-01 -1.094551e+00 5.823176e+00 1.376368e+00 1.923240e+02
1.042563e+00 -9.959427e-01 4.953204e+00 1.376090e+00 1.921818e+02
-4.741166e-01 1.419661e-01 4.049288e+00 1.000811e+00 4.145208e-01
9.703291e-01 1.523688e+00 5.360654e+00 1.398285e+00 2.035237e+02
-1.593070e-01 -1.964030e+00 3.219454e+00 1.565865e+00 2.891572e+02
1.810914e+00 -1.151232e-02 5.268838e+00 1.191534e+01 5.577738e+03
1.904455e+00 -2.792198e-01 4.650754e+00 1.197835e+01 5.609937e+03
-1.272763e+00 -1.528534e+00 5.146263e+00 1.381440e+00 1.949158e+02
1.769521e+00 -3.993036e-01 5.211720e+00 1.362303e+00 1.851370e+02
-1.785639e+00 -3.971489e-01 5.024696e+00 1.392365e+00 2.004984e+02
1.468717e+00 -1.891908e-02 4.695714e+00 1.304220e+00 1.554565e+02
-9.308619e-01 1.076918e+00 5.762806e+00 1.388311e+00 1.984268e+02
-1.188437e+00 9.045919e-02 3.753545e+00 1.419962e+00 2.146006e+02
-1.262121e+00 -5.671297e-01 5.186210e+00 1.389571e+00 1.990706e+02
-1.616297e+00 7.328272e-01 5.091752e+00 1.412717e+00 2.108985e+02
1.107979e+00 -1.049868e+00 5.696557e+00 1.330586e+00 1.689292e+02
2.686242e+00 3.014309e+00 5.001401e+00 1.125124e+01 5.238382e+03
1.140997e+00 1.177859e+00 7.051951e+00 1.425556e+00 2.174590e+02
-1.128961e+00 1.611973e+00 5.843615e+00 1.353103e+00 1.804355e+02
2.090453e+00 3.226812e-01 4.804350e+00 1.201624e+01 5.629298e+03
-1.433891e+00 3.638602e-01 4.243952e+00 1.425262e+00 2.173088e+02
5.798319e-01 2.032267e+00 5.538457e+00 1.362848e+00 1.854154e+02
1.232306e-01 1.605114e+00 7.080454e+00 1.005046e+00 2.578725e+00
3.346565e-01 -1.122474e+00 3.378888e+00 1.512862e+00 2.620727e+02
-1.262047e+00 -9.114148e-01 2.476492e+00 1.410922e+00 2.099810e+02
3.926066e-01 -1.046836e+00 4.012122e+00 1.016774e+00 8.571343e+00
5.354358e-01 -1.799466e+00 5.000630e+00 1.124371e+01 5.234533e+03
1.164673e+00 1.353643e+00 4.313345e+00 1.004176e+00 2.133762e+00
1.104895e+00 4.806431e-01 5.056310e+00 1.190766e+01 5.573815e+03
-8.429933e-01 4.127859e-01 5.715225e+00 1.444971e+00 2.273800e+02
6.432870e-01 9.311687e-01 6.716695e+00 1.389314e+00 1.989395e+02
2.456234e+00 3.367156e-01 5.064073e+00 1.196481e+01 5.603019e+03
2.447600e+00 3.086767e+00 5.023511e+00 1.125710e+01 5.241378e+03
7.967830e-01 -7.749437e-01 4.809129e+00 1.412336e+00 2.107037e+02
1.423824e+00 -7.297163e-01 4.930711e+00 1.379584e+00 1.939676e+02
-1.083912e+00 -3.882558e-01 7.313521e+00 1.605326e+00 3.093216e+02
-1.344631e+00 5.187065e-01 4.664406e+00 1.355837e+00 1.818327e+02
-4.033721e-01 -1.332575e+00 3.871369e+00 1.402682e+00 2.057706e+02
2.502256e+00 8.915363e-01 5.083971e+00 1.190798e+01 5.573978e+03
-1.425208e+00 -3.445532e-02 6.192205e+00 1.357176e+00 1.825171e+02
3.819770e-01 -9.707316e-01 5.125341e+00 1.380152e+00 1.942578e+02
-1.044077e+00 -3.639529e-01 5.195455e+00 1.507873e+00 2.595229e+02
-8.841589e-01 1.527230e+00 5.992244e+00 1.379456e+00 1.939020e+02
3.532179e-01 -6.834386e-01 6.676506e+00 1.492770e+00 2.518056e+02
4.519195e-01 7.129740e-01 6.400093e+00 1.465611e+00 2.379273e+02
-6.632604e-01 4.303667e-01 5.295577e+00 1.017045e+00 8.709778e+00
-1.909231e+00 2.647709e-01 5.516192e+00 1.350660e+00 1.791874e+02
-1.532163e-02 2.717121e-01 5.883188e+00 1.000789e+00 4.031179e-01
9.169554e-01 -6.555971e-01 4.044351e+00 1.416715e+00 2.129412e+02
-1.365298e+00 -1.639850e+00 5.559215e+00 1.312018e+00 1.594411e+02
-1.063312e+00 -7.300336e-01 3.545129e+00 1.410668e+00 2.098514e+02
9.787581e-02 -1.826311e+00 4.471382e+00 1.307843e+00 1.573079e+02
7.536877e-01 1.220540e+00 4.601072e+00 1.308948e+00 1.578726e+02
-7.666594e-01 -4.613111e-01 5.291048e+00 1.545873e+00 2.789413e+02
-1.090729e+00 2.223931e-01 6.190224e+00 1.390501e+00 1.995459e+02
9.342872e-01 6.979700e-01 4.972572e+00 1.197690e+01 5.609193e+03
1.864120e+00 -4.092331e-01 3.746139e+00 1.009677e+00 4.945095e+00
1.003420e+00 -1.280451e+00 5.106239e+00 1.376687e+00 1.924871e+02
-1.158161e+00 -1.213620e+00 4.970665e+00 1.358949e+00 1.834228e+02
1.919305e+00 2.399517e-01 5.000010e+00 1.200071e+01 5.621361e+03
-1.272443e+00 1.307522e+00 6.050365e+00 1.345495e+00 1.765479e+02
1.999775e+00 7.454922e-01 4.198951e+00 1.296674e+00 1.516005e+02
1.487699e+00 1.131287e-01 4.598090e+00 1.407375e+00 2.081687e+02
-9.776235e-01 4.829412e-02 4.423294e+00 1.460529e+00 2.353302e+02
1.241889e+00 8.798874e-01 4.672843e+00 1.296194e+00 1.513552e+02
7.837316e-01 -6.739500e-01 5.095123e+00 1.510422e+00 2.608255e+02
-1.934438e+00 3.885770e-02 4.716267e+00 1.506577e+00 2.588609e+02
1.508651e+00 1.371464e-01 4.919709e+00 1.200337e+01 5.622721e+03
-4.003050e-01 1.131303e+00 5.958434e+00 1.351064e+00 1.793939e+02
2.784582e-02 9.804966e-01 5.937732e+00 1.390200e+00 1.993924e+02
-1.045221e+00 6.203946e-01 4.606875e+00 1.446091e+00 2.279526e+02
-1.060479e-01 1.502766e+00 4.913835e+00 1.356541e+00 1.821924e+02
5.180810e-01 1.003863e+00 6.073309e+00 2.130868e+00 5.778737e+02
9.829758e-01 6.098479e-01 5.396869e+00 1.408893e+00 2.089441e+02
8.347172e-01 1.365665e+00 4.651028e+00 1.355903e+00 1.818663e+02
-6.476262e-01 -1.181813e+00 4.648408e+00 1.498837e+00 2.549058e+02
1.627414e+00 -4.014487e-01 5.748773e+00 1.339093e+00 1.732768e+02
2.478773e+00 -1.285362e-01 4.879833e+00 1.196079e+01 5.600965e+03
1.140635e+00 -6.681810e-01 3.255273e+00 1.362892e+00 1.854377e+02
4.544728e-01 -1.734581e+00 3.033999e+00 1.002742e+00 1.401202e+00
2.507218e+00 8.862391e-01 5.072892e+00 1.188436e+01 5.561907e+03
1.393765e-01 -1.110752e+00 5.052704e+00 1.370920e+00 1.895399e+02
1.204588e+00 6.658212e-02 4.807415e+00 1.417608e+00 2.133978e+02
-8.245054e-01 -7.811846e-01 5.464161e+00 1.390622e+00 1.996077e+02
2.733140e+00 -8.175818e-02 5.068635e+00 1.183754e+01 5.537985e+03
4.143199e-01 -4.255795e-01 6.169009e+00 1.002343e+00 1.197461e+00
2.388997e+00 -1.026181e-01 5.003982e+00 1.193675e+01 5.588680e+03
1.762372e+00 4.792030e-01 6.312112e+00 1.209318e+00 1.069617e+02
4.775181e-01 -1.635897e+00 5.000926e+00 1.131327e+01 5.270079e+03
1.276476e+00 -1.340942e+00 5.224937e+00 1.285389e+00 1.458338e+02
-1.668801e+00 1.177422e-01 6.430850e+00 1.004172e+00 2.132102e+00
-6.541640e-01 -6.056188e-02 5.020791e+00 1.125692e+01 5.241286e+03
2.180544e-01 -6.050494e-01 5.153051e+00 1.000787e+00 4.020690e-01
-8.701657e-01 1.534217e+00 5.106261e+00 1.252574e+00 1.290652e+02
-1.292625e+00 -1.682813e-01 3.699421e+00 1.362636e+00 1.853070e+02
-1.114638e+00 -1.345305e+00 5.586462e+00 1.334627e+00 1.709945e+02
-1.509785e-01 -2.360976e-01 4.574976e+00 1.001129e+00 5.767078e-01
-1.060842e+00 1.488551e+00 4.999333e+00 1.309141e+00 1.579712e+02
1.325843e+00 -7.730090e-01 4.784044e+00 1.357196e+00 1.825270e+02
1.473982e+00 -1.405655e+00 5.866044e+00 1.346382e+00 1.770012e+02
-1.209292e+00 -9.732188e-01 4.939139e+00 1.473006e+00 2.417060e+02
-1.124900e+00 -2.257011e-01 4.868444e+00 1.414061e+00 2.115851e+02
-1.625463e+00 9.426554e-01 5.127628e+00 1.145021e+00 7.410591e+01
-1.938525e+00 5.751483e-01 5.274429e+00 1.325844e+00 1.665061e+02
1.522519e-01 3.631360e-02 9.793393e-01 1.000316e+00 1.613904e-01
1.811565e+00 -6.178499e-01 4.689249e+00 1.420867e+00 2.150632e+02
-3.169822e-01 -1.273971e+00 3.305807e+00 1.401270e+00 2.050490e+02
-7.241610e-01 -1.500597e+00 6.100314e+00 1.356925e+00 1.823885e+02
-1.426365e+00 1.408049e+00 5.253456e+00 1.355353e+00 1.815855e+02
-1.192868e+00 1.338956e+00 5.701644e+00 1.386253e+00 1.973754e+02
-7.277624e-02 -1.049094e+00 5.198058e+00 1.438466e+00 2.240560e+02
5.951754e-01 -1.547821e+00 5.292518e+00 1.528701e+00 2.701664e+02
2.040390e+00 3.100484e+00 4.970132e+00 1.129677e+01 5.261648e+03
2.507234e+00 1.229497e-01 4.751111e+00 1.197296e+01 5.607181e+03
8.530737e-01 1.029418e+00 4.922654e+00 1.188490e+01 5.562186e+03
-4.692909e-01 -1.180954e+00 4.356128e+00 1.574322e+00 2.934785e+02
2.509577e+00 1.572731e-01 5.166603e+00 1.198883e+01 5.615290e+03
-1.749154e+00 -2.486005e-01 4.540254e+00 1.415894e+00 2.125217e+02
2.319529e+00 4.141572e-02 5.189171e+00 1.199587e+01 5.618891e+03
-9.543498e-01 1.196590e+00 6.210446e+00 1.377161e+00 1.927295e+02
1.170861e+00 2.060547e+00 5.009806e+00 1.190785e+01 5.573913e+03
-4.621724e-01 1.615025e+00 4.847423e+00 1.341357e+00 1.744335e+02
-1.929604e+00 6.651410e-03 4.976398e+00 1.004975e+00 2.542463e+00
8.087672e-01 2.055995e+00 4.855151e+00 1.386149e+00 1.973222e+02
1.130857e+00 -9.820834e-01 5.487865e+00 1.421209e+00 2.152377e+02
2.055254e-01 1.239114e+00 5.909333e+00 1.390771e+00 1.996840e+02
2.315670e+00 -2.314104e-01 5.506458e+00 1.424150e+00 2.167406e+02
-4.805410e-01 -1.786474e+00 5.333397e+00 1.337859e+00 1.726459e+02
1.434471e+00 1.067043e+00 4.621848e+00 1.445378e+00 2.275881e+02
1.478303e+00 -1.352929e+00 3.821061e+00 1.398333e+00 2.035482e+02
6.716456e-01 -5.377085e-01 3.038036e+00 1.455766e+00 2.328965e+02
-1.462410e+00 2.489107e-01 5.299260e+00 1.372185e+00 1.901863e+02
9.897882e-01 5.748562e-01 5.132432e+00 1.194720e+01 5.594022e+03
-1.451357e-01 -2.483096e-01 4.566722e+00 1.001801e+00 9.200987e-01
-8.236556e-01 1.713390e+00 5.535489e+00 1.385458e+00 1.969692e+02
1.336482e-01 2.199591e+00 5.705902e+00 1.369220e+00 1.886717e+02
2.219959e-01 -4.601370e-01 3.811327e+00 1.000645e+00 3.294800e-01
3.263556e-01 2.093796e+00 5.849041e+00 1.363216e+00 1.856036e+02
4.411138e+00 7.017283e-01 4.993171e+00 1.127872e+01 5.252426e+03
3.092097e-01 1.711375e+00 5.913535e+00 1.306465e+00 1.566036e+02
5.429218e-01 -1.101479e+00 6.225916e+00 1.514429e+00 2.628731e+02
2.120821e-01 4.973923e-01 5.370465e+00 1.004446e+00 2.271709e+00
7.147851e-01 5.490348e-01 6.377798e+00 1.474502e+00 2.424706e+02
-1.061502e+00 3.352936e-01 5.652767e+00 1.429852e+00 2.196545e+02
-1.551590e+00 -5.901767e-01 5.990938e+00 1.423917e+00 2.166215e+02
-4.932212e-01 -1.885511e+00 4.214684e+00 1.007047e+00 3.601221e+00
1.546312e+00 -9.078868e-01 4.169051e+00 1.346787e+00 1.772083e+02
1.441438e+00 -1.492835e+00 5.518110e+00 1.409141e+00 2.090712e+02
1.332748e+00 -9.738561e-02 5.200997e+00 1.195727e+01 5.599164e+03
-2.154880e-01 -1.548857e+00 5.566991e+00 1.307880e+00 1.573265e+02
-1.770184e+00 -4.880201e-01 5.319189e+00 1.347019e+00 1.773269e+02
2.877147e-01 -1.413233e+00 3.827997e+00 1.496730e+00 2.538293e+02
-8.608802e-01 2.317238e-01 4.296677e+00 1.535597e+00 2.736901e+02
5.878509e-01 -7.505570e-01 5.505453e+00 1.440040e+00 2.248607e+02
1.762358e+00 -9.141137e-01 4.957434e+00 1.483179e+00 2.469044e+02
2.141348e+00 1.171432e+00 5.280391e+00 1.193290e+01 5.586710e+03
-1.008039e+00 8.673624e-01 5.430478e+00 1.378326e+00 1.933245e+02
-1.773077e+00 7.691416e-01 5.156966e+00 1.294728e+00 1.506058e+02
2.001043e+00 1.518172e+00 4.921986e+00 1.190807e+01 5.574023e+03
2.092614e+00 7.789827e-01 4.911306e+00 1.200728e+01 5.624721e+03
1.747564e+00 7.678408e-01 5.093965e+00 1.194508e+01 5.592935e+03
1.149264e+00 -2.400811e-01 5.389338e+00 1.193783e+01 5.589232e+03
2.170614e+00 1.592700e-01 4.999963e+00 1.195898e+01 5.600038e+03
-5.275325e-02 7.691573e-01 4.036658e+00 1.000478e+00 2.442172e-01
1.622951e-01 -1.253905e+00 6.003921e+00 1.573309e+00 2.929611e+02
2.133087e-01 -1.009614e-01 4.814275e+00 1.004857e+00 2.481806e+00
-6.347780e-01 -1.688708e+00 5.449574e+00 1.370895e+00 1.895271e+02
5.683058e-01 -9.784291e-01 5.368005e+00 1.388948e+00 1.987526e+02
1.794431e+00 -3.602630e-01 4.495577e+00 1.405340e+00 2.071285e+02
-1.911917e-01 1.898850e+00 4.220005e+00 1.382758e+00 1.955893e+02
-3.096594e-01 -1.649221e+00 4.122674e+00 1.318253e+00 1.626275e+02
-9.767374e-01 4.477269e-01 3.772127e+00 1.442602e+00 2.261696e+02
2.722450e+00 2.067345e-01 5.202546e+00 1.189080e+01 5.565201e+03
-7.109744e-01 -8.458743e-02 5.473876e+00 1.001667e+00 8.519540e-01
5.903978e-01 -1.128111e+00 3.805542e+00 1.538493e+00 2.751698e+02
3.953816e+00 -1.051582e+00 5.025896e+00 1.130121e+01 5.263916e+03
1.809093e+00 -1.172583e+00 4.869543e+00 1.396079e+00 2.023965e+02
1.740599e-01 -1.879726e+00 5.632687e+00 1.402953e+00 2.059087e+02
1.430867e+00 3.104593e+00 5.027526e+00 1.129200e+01 5.259212e+03
2.109337e+00 7.871506e-01 4.796029e+00 1.196245e+01 5.601811e+03
-1.503883e+00 6.033661e-01 4.462028e+00 1.448171e+00 2.290154e+02
7.264741e-01 1.345120e+00 7.439403e+00 1.002079e+00 1.062381e+00
1.793403e+00 -8.900582e-01 5.060132e+00 1.190636e+01 5.573149e+03
2.253371e+00 -3.231196e-01 4.882136e+00 1.198938e+01 5.615572e+03
-1.810593e-01 -2.886026e-01 5.259934e+00 1.002128e+00 1.087516e+00
1.043061e+00 1.881377e+00 4.905164e+00 1.374267e+00 1.912503e+02
-9.394986e-01 -9.284015e-01 2.925530e+00 1.402133e+00 2.054900e+02
1.154240e+00 -2.734768e-02 5.200778e+00 1.194911e+01 5.594997e+03
-1.008061e+00 -9.385077e-01 5.620535e+00 1.423578e+00 2.164483e+02
1.241092e+00 7.895693e-01 5.647880e+00 1.368767e+00 1.884401e+02
-1.399033e+00 1.644462e+00 5.636779e+00 1.345580e+00 1.765914e+02
1.839200e+00 1.031314e+00 4.110095e+00 1.380641e+00 1.945074e+02
-1.784562e+00 -7.555664e-01 4.527105e+00 1.387049e+00 1.977822e+02
-1.493826e-01 8.159381e-01 7.565380e+00 1.001770e+00 9.043029e-01
-1.036974e+00 9.944310e-01 6.533686e+00 1.003916e+00 2.001051e+00
-6.710310e-02 -2.685327e-01 4.118257e-01 1.000052e+00 2.650386e-02
-4.026693e-01 1.451007e+00 4.927938e+00 1.303084e+00 1.548761e+02
1.154163e+00 3.299359e-01 4.865685e+00 1.192450e+01 5.582420e+03
-9.512048e-01 -2.817988e-01 5.788746e+00 1.443247e+00 2.264991e+02
1.919952e+00 1.674212e+00 5.263331e+00 1.194698e+01 5.593904e+03
-1.577093e-01 -4.470747e-03 6.234682e+00 1.001514e+00 7.735241e-01
-9.128019e-01 1.613434e+00 3.584881e+00 1.004675e+00 2.389137e+00
1.108536e+00 1.464584e+00 4.801680e+00 1.381449e+00 1.949205e+02
4.483036e+00 4.230600e-01 5.016702e+00 1.124330e+01 5.234327e+03
-8.088587e-01 -1.415579e+00 4.605030e+00 1.394425e+00 2.015509e+02
-1.039006e+00 -1.072617e+00 6.328174e+00 1.382759e+00 1.955899e+02
-2.014563e+00 -5.006885e-01 4.133872e+00 1.403473e+00 2.061749e+02
1.454358e+00 -1.547753e-01 5.070435e+00 1.195739e+01 5.599227e+03
-9.278182e-01 8.910814e-01 5.108860e+00 1.383483e+00 1.959597e+02
1.270740e+00 7.533694e-01 3.985467e+00 1.417024e+00 2.130993e+02
-5.945999e-01 9.766493e-01 5.480767e+00 1.413827e+00 2.114658e+02
1.425439e+00 1.574981e-01 5.932973e+00 1.335784e+00 1.715855e+02
-1.039010e+00 5.325585e-01 4.951057e+00 1.378708e+00 1.935199e+02
1.176395e+00 1.627835e-01 5.666724e+00 1.411465e+00 2.102585e+02
1.191156e-01 1.472565e+00 5.044384e+00 1.357436e+00 1.826500e+02
1.071369e+00 3.061367e+00 5.058886e+00 1.125879e+01 5.242244e+03
-9.533040e-01 -4.496625e-01 5.101395e+00 1.372979e+00 1.905923e+02
1.951846e+00 6.300149e-01 4.014095e+00 1.412032e+00 2.105484e+02
1.583315e+00 2.047335e-01 4.949398e+00 1.327173e+00 1.671856e+02
1.154520e+00 1.892169e+00 3.982221e+00 1.375247e+00 1.917513e+02
-9.527743e-01 1.608585e+00 4.851927e+00 1.405031e+00 2.069707e+02
-9.636588e-01 5.791249e-01 5.135493e+00 1.387478e+00 1.980011e+02
-1.397899e+00 -6.758764e-01 5.350006e+00 1.366900e+00 1.874861e+02
-6.166147e-01 1.077576e+00 2.473476e+00 1.001310e+00 6.694025e-01
-2.014749e+00 2.838542e-01 4.583373e+00 1.336651e+00 1.720286e+02
-1.287396e+00 6.290145e-02 5.903645e+00 1.397448e+00 2.030962e+02
-1.391323e+00 2.855220e-01 6.988433e+00 1.433216e+00 2.213733e+02
2.656774e+00 4.869738e-01 4.854029e+00 1.192315e+01 5.581731e+03
-9.290648e-01 3.510840e-01 4.991380e+00 1.511069e+00 2.611563e+02
-9.663175e-01 9.476138e-01 5.433891e+00 1.351017e+00 1.793695e+02
-2.608376e-02 -4.234301e-01 5.975166e+00 1.000863e+00 4.411632e-01
2.582723e-02 -5.558727e-01 6.449563e+00 1.000090e+00 4.607757e-02
-7.444261e-01 -7.359442e-01 6.566741e+00 1.000267e+00 1.363177e-01
1.172042e-01 1.254121e+00 5.900822e+00 1.365465e+00 1.867524e+02
1.318383e+00 5.912832e-01 3.988006e+00 1.414631e+00 2.118767e+02
-4.935522e-01 1.552878e+00 5.158920e+00 1.333523e+00 1.704304e+02
5.710705e-01 -5.517932e-01 4.170516e+00 1.468791e+00 2.395524e+02
9.044312e-01 -1.080892e+00 6.063415e+00 1.000316e+00 1.614713e-01
-1.581257e+00 1.277220e+00 5.944483e+00 1.508768e+00 2.599805e+02
1.779757e+00 6.796339e-01 4.848294e+00 1.200486e+01 5.623485e+03
2.095101e+00 -2.229659e+00 4.975402e+00 1.124930e+01 5.237395e+03
4.847714e-02 -1.899419e+00 4.399586e+00 1.102766e+00 5.251329e+01
1.177006e+00 7.807590e-02 3.377472e+00 1.432632e+00 2.210750e+02
-1.039362e+00 -1.003707e+00 5.326040e+00 1.394368e+00 2.015222e+02
-9.650811e-01 9.550665e-01 4.712421e+00 1.000777e+00 3.971245e-01
1.288358e+00 4.466519e-01 5.289944e+00 1.382914e+00 1.956693e+02
-3.202188e-01 1.537557e+00 5.417383e+00 1.398464e+00 2.036149e+02
-1.310036e+00 6.679228e-01 4.864452e+00 1.006549e+00 3.346424e+00
1.293230e+00 -1.509449e+00 4.823702e+00 1.415151e+00 2.121424e+02
1.581956e+00 9.759278e-01 6.241907e+00 1.482356e+00 2.464841e+02
-9.923905e-01 -9.630466e-01 4.988189e+00 1.409522e+00 2.092657e+02
2.726991e-01 2.428912e-01 4.551607e+00 1.001469e+00 7.505011e-01
9.146858e-02 1.971090e-01 5.797039e+00 1.007010e+00 3.582132e+00
2.714545e+00 4.751451e-01 5.290666e+00 1.197992e+01 5.610741e+03
7.413628e-01 4.504343e-01 4.247738e+00 1.575670e+00 2.941674e+02
-1.447262e+00 5.627003e-01 5.045353e+00 1.362786e+00 1.853839e+02
1.497209e-01 1.176026e+00 5.647065e+00 1.406452e+00 2.076971e+02
6.745497e-01 -8.931564e-01 6.504992e+00 1.411804e+00 2.104318e+02
-5.287464e-01 -1.219308e+00 4.433688e+00 1.007617e+00 3.892092e+00
-5.155625e-01 -1.872473e-01 4.986973e+00 1.131769e+01 5.272342e+03
1.188043e+00 1.182388e+00 4.543073e+00 1.339325e+00 1.733949e+02
2.248058e+00 1.781913e-02 4.729916e+00 1.190587e+01 5.572897e+03
1.142488e+00 -1.314945e+00 4.270039e+00 1.379972e+00 1.941659e+02
-1.820566e+00 1.265092e-01 3.663144e+00 1.304008e+00 1.553479e+02
6.099309e-01 -4.110862e-01 6.577108e+00 1.001505e+00 7.691062e-01
3.784654e-01 1.649626e+00 3.186113e+00 1.430898e+00 2.201886e+02
1.182889e+00 1.479472e+00 6.459232e+00 1.012747e+00 6.513855e+00
-9.411006e-01 1.683465e+00 5.142389e+00 1.395873e+00 2.022911e+02
2.778139e+00 -5.126326e-01 5.032339e+00 1.190992e+01 5.574967e+03
6.927871e-01 8.691398e-01 5.618588e+00 1.413165e+00 2.111273e+02
-1.861700e+00 -9.993266e-01 4.524664e+00 1.350498e+00 1.791046e+02
-4.752095e-01 -2.011329e+00 4.205570e+00 1.333787e+00 1.705650e+02
-1.708463e-01 -7.254962e-01 5.986623e+00 1.891543e+00 4.555784e+02
5.392189e-01 -1.940352e+00 4.242279e+00 1.390515e+00 1.995530e+02
-1.702567e+00 9.216140e-01 4.960815e+00 1.347050e+00 1.773427e+02
-2.384808e-01 1.425854e+00 4.968870e+00 1.338666e+00 1.730584e+02
-1.088950e+00 5.452009e-01 3.820740e+00 1.434671e+00 2.221170e+02
1.087411e+00 -3.266431e-01 7.122369e+00 1.413646e+00 2.113729e+02
-9.146901e-01 1.045147e+00 5.896671e+00 1.001384e+00 7.070074e-01
1.002992e+00 1.203440e+00 4.897180e+00 1.436414e+00 2.230075e+02
2.095539e-01 4.515195e-01 3.315927e+00 1.001138e+00 5.815198e-01
3.625398e-01 1.597766e-01 7.110311e+00 1.000893e+00 4.564779e-01
2.391702e+00 2.052479e-01 4.936415e+00 1.196674e+01 5.604007e+03
1.598537e+00 -6.933563e-01 4.756507e+00 1.006458e+00 3.300272e+00
1.183813e+00 4.975638e-01 5.256875e+00 1.306948e+00 1.568504e+02
-1.707250e+00 -3.488713e-02 5.322641e+00 1.363654e+00 1.858270e+02
-1.757991e+00 -8.423058e-01 4.899936e+00 1.324606e+00 1.658738e+02
1.797798e+00 5.453123e-02 5.154008e+00 1.201163e+01 5.626941e+03
2.009677e+00 1.100934e+00 4.847716e+00 1.197739e+01 5.609447e+03
1.448513e-01 1.139978e+00 3.810270e+00 1.452043e+00 2.309941e+02
5.385497e-01 -1.295597e+00 5.625949e+00 1.360408e+00 1.841687e+02
6.628811e-01 8.610599e-01 1.183525e+00 1.513558e+00 2.624283e+02
7.626936e-01 -1.611596e+00 5.578373e+00 1.356633e+00 1.822393e+02
-1.231765e+00 -9.581616e-01 5.261582e+00 1.363457e+00 1.857265e+02
6.653080e-01 -1.105392e+00 6.000691e+00 1.383974e+00 1.962106e+02
1.769009e+00 2.540021e-01 5.028884e+00 1.201343e+01 5.627860e+03
2.794306e-01 1.986892e+00 4.155616e+00 1.414267e+00 2.116904e+02
8.102536e-02 -2.159884e+00 4.528507e+00 1.490901e+00 2.508505e+02
6.337940e-01 -1.287416e+00 3.323511e+00 1.454682e+00 2.323423e+02
1.516215e+00 1.640734e-01 4.321528e+00 1.017776e+00 9.083409e+00
-1.455165e+00 -1.007669e+00 4.712482e+00 1.357455e+00 1.826595e+02
4.303456e-01 1.624012e+00 4.906427e+00 1.338764e+00 1.731082e+02
3.995674e-01 1.245478e+00 5.328657e+00 1.393258e+00 2.009548e+02
-6.242321e-01 -1.278191e+00 6.056148e+00 1.373098e+00 1.906532e+02
7.916783e-02 -1.110484e+00 4.111007e+00 1.556621e+00 2.844336e+02
1.787706e+00 -1.699522e-01 3.933185e+00 1.350491e+00 1.791009e+02
-4.998006e-01 1.373966e+00 5.592879e+00 1.353053e+00 1.804102e+02
-4.316324e-02 -9.161100e-01 6.982913e+00 1.448262e+00 2.290617e+02
-1.204028e+00 1.281438e+00 6.152655e+00 1.511942e+00 2.616022e+02
1.921670e+00 -2.010304e-01 4.912189e+00 1.187240e+01 5.555797e+03
-1.104873e+00 -1.100825e+00 5.689845e+00 1.294302e+00 1.503881e+02
1.178884e-02 9.819211e-01 5.373085e+00 1.408088e+00 2.085330e+02
3.763240e-01 1.889644e+00 5.146801e+00 1.411589e+00 2.103219e+02
-1.078084e+00 -1.267167e+00 6.115044e+00 1.327479e+00 1.673416e+02
-1.894442e+00 -8.030145e-01 4.119308e+00 1.345392e+00 1.764952e+02
8.414910e-01 1.356675e+00 5.070017e+00 1.342538e+00 1.750368e+02
2.086335e+00 3.625943e-01 5.112111e+00 1.200613e+01 5.624131e+03
1.510232e+00 6.760149e-01 5.543888e+00 1.335015e+00 1.711927e+02
-3.358531e-01 7.788965e-02 3.626931e+00 1.001368e+00 6.990356e-01
-2.260298e-01 8.367667e-03 4.853603e+00 1.001724e+00 8.810221e-01
-1.592113e+00 7.991814e-01 5.032382e+00 1.004775e+00 2.439933e+00
-2.490456e-01 1.701719e+00 5.570290e+00 1.301037e+00 1.538298e+02
-1.571267e+00 -1.221866e+00 4.863337e+00 1.166342e+00 8.500085e+01
6.988181e-01 1.231760e-01 5.565333e+00 1.496149e+00 2.535321e+02
-9.049440e-01 -1.128080e+00 5.551537e+00 1.426011e+00 2.176914e+02
1.080712e+00 -1.583473e-01 4.867287e+00 1.197005e+01 5.605696e+03
1.110095e+00 7.133127e-01 5.175750e+00 1.194264e+01 5.591688e+03
1.235531e+00 1.263315e+00 3.583997e+00 1.403700e+00 2.062906e+02
-1.351313e+00 -6.306349e-01 6.746863e+00 1.422059e+00 2.156721e+02
-1.888550e+00 5.456213e-01 4.441735e+00 1.359444e+00 1.836759e+02
1.351824e+00 1.100610e+00 4.148265e+00 1.317575e+00 1.622807e+02
2.134280e+00 9.823237e-01 5.327551e+00 1.190009e+01 5.569945e+03
2.413408e+00 1.049589e+00 5.304495e+00 1.194026e+01 5.590471e+03
1.493938e+00 1.850809e-01 4.292181e+00 1.344530e+00 1.760550e+02
-1.341246e+00 -1.313190e+00 4.950807e+00 1.320438e+00 1.637436e+02
1.312221e+00 4.977127e-01 5.890216e+00 1.391795e+00 2.002075e+02
3.344902e-01 -1.330441e+00 4.045700e+00 1.518996e+00 2.652070e+02
1.679218e-04 -1.427907e-01 4.352099e+00 1.000631e+00 3.225668e-01
1.420710e+00 -1.326628e+00 5.581348e+00 1.342033e+00 1.747789e+02
-3.545949e-01 2.274575e+00 4.412201e+00 1.355667e+00 1.817458e+02
-6.183421e-01 -1.080077e+00 5.962727e+00 1.450776e+00 2.303464e+02
1.373002e+00 1.066187e+00 4.337865e+00 1.309697e+00 1.582551e+02
2.280640e+00 -2.045511e-01 5.138622e+00 1.197024e+01 5.605792e+03
3.353725e-01 -1.949549e+00 6.110958e+00 1.534836e+00 2.733011e+02
5.962730e-01 4.748903e-01 3.259930e+00 1.499176e+00 2.550789e+02
-3.347715e-01 1.319491e+00 5.856112e+00 1.386020e+00 1.972563e+02
1.000977e+00 2.254206e-01 4.684700e+00 1.192179e+01 5.581037e+03
5.161302e-01 2.173884e+00 5.766263e+00 1.648718e+00 3.314951e+02
-1.544498e+00 -6.524630e-01 3.418194e+00 1.475396e+00 2.429275e+02
-5.727989e-02 1.760360e+00 5.025450e+00 1.418480e+00 2.138434e+02
1.814165e+00 -7.366603e-01 5.236622e+00 1.389792e+00 1.991838e+02
2.060978e+00 9.096666e-01 5.054273e+00 1.199928e+01 5.620634e+03
-5.401705e-01 -7.809444e-01 4.908247e+00 1.436638e+00 2.231218e+02
-1.031220e+00 -7.324610e-01 5.204812e+00 1.429478e+00 2.194634e+02
-1.135118e+00 1.183555e+00 4.275508e+00 1.336204e+00 1.718002e+02
6.817056e-01 8.875171e-01 4.680189e+00 1.420221e+00 2.147328e+02
-7.025174e-01 1.462342e+00 5.485547e+00 1.390890e+00 1.997450e+02
-3.899063e-01 -2.035896e+00 5.215010e+00 1.391307e+00 1.999580e+02
-1.072743e+00 1.077309e+00 4.418479e+00 1.363444e+00 1.857197e+02
8.480790e-01 -1.218204e+00 2.665943e+00 1.004875e+00 2.490903e+00
-1.338477e+00 -8.912857e-01 5.291971e+00 1.323523e+00 1.653204e+02
-9.322078e-01 8.329602e-01 4.952986e+00 1.412227e+00 2.106478e+02
1.155905e+00 -8.123601e-01 2.994114e+00 1.480737e+00 2.456568e+02
-1.539731e+00 -2.977880e-01 4.376182e+00 1.398746e+00 2.037594e+02
3.927207e+00 -9.113660e-01 4.992845e+00 1.132416e+01 5.275646e+03
2.065530e+00 1.435353e-01 4.986977e+00 1.487109e+00 2.489126e+02
-1.648394e+00 -1.317923e+00 5.014111e+00 1.305022e+00 1.558661e+02
2.227960e-01 1.914380e+00 4.967189e+00 1.485151e+00 2.479121e+02
-1.066398e-01 -5.160634e-01 6.467812e+00 1.000648e+00 3.311279e-01
2.620297e+00 6.325146e-01 5.179970e+00 1.196930e+01 5.605311e+03
1.441398e+00 -1.826806e-01 5.013283e+00 1.194098e+01 5.590841e+03
-1.580363e+00 -9.120521e-01 4.860329e+00 1.396409e+00 2.025648e+02
6.062738e-01 -4.768608e-01 6.997647e+00 1.454774e+00 2.323896e+02
8.778766e-01 4.194678e-01 6.481457e+00 1.478964e+00 2.447504e+02
-6.374793e-01 8.832086e-01 5.371835e+00 1.380625e+00 1.944996e+02
-1.188388e+00 -9.911553e-01 5.484003e+00 1.247764e+00 1.266074e+02
-1.248165e+00 1.733033e-01 3.813254e+00 1.429488e+00 2.194684e+02
1.069355e+00 -1.104382e+00 5.248274e+00 1.377063e+00 1.926794e+02
1.639333e+00 -2.645723e-01 4.464515e+00 1.352469e+00 1.801115e+02
8.887846e-01 3.747402e-01 4.812589e+00 1.186404e+01 5.551524e+03
1.751529e+00 7.089151e-01 5.120819e+00 1.194895e+01 5.594913e+03
5.475291e-02 -2.394854e-01 2.188272e+00 1.004092e+00 2.090920e+00
1.510770e+00 -4.397469e-02 5.644463e+00 1.472958e+00 2.416818e+02
-7.537717e-01 -1.869660e+00 4.508215e+00 1.353812e+00 1.807977e+02
-1.525559e+00 3.095587e-03 4.033135e+00 1.383126e+00 1.957772e+02
2.265576e+00 -1.625670e-01 4.838613e+00 1.195422e+01 5.597605e+03
1.902002e+00 8.321151e-01 4.951889e+00 1.197977e+01 5.610664e+03
-3.911498e-02 1.712161e+00 6.847823e+00 1.002790e+00 1.425776e+00
-8.249436e-01 8.676234e-01 6.041920e+00 1.004801e+00 2.453103e+00
-2.870686e-01 9.444079e-01 3.548875e+00 1.478744e+00 2.446381e+02
3.242419e-01 -1.303296e+00 4.146654e+00 1.470321e+00 2.403341e+02
3.055828e-01 -1.629509e+00 4.651712e+00 1.427782e+00 2.185964e+02
-1.521601e+00 -4.130963e-02 4.882120e+00 1.388436e+00 1.984910e+02
5.279898e-01 -9.176155e-01 4.130168e+00 1.420893e+00 2.150761e+02
1.359066e+00 -5.550245e-01 5.316951e+00 1.290347e+00 1.483672e+02
-8.909795e-01 -1.459250e-01 6.040483e+00 1.577741e+00 2.952257e+02
-1.414705e+00 -3.555608e-01 5.683176e+00 1.393604e+00 2.011318e+02
-7.283740e-01 -1.055753e+00 5.751408e+00 1.321761e+00 1.644198e+02
-1.336945e+00 -3.266155e-01 5.739052e+00 1.400084e+00 2.044431e+02
-3.471444e-01 -1.337111e-01 6.273719e+00 1.000609e+00 3.113046e-01
2.909289e-01 1.461277e+00 5.757591e+00 1.369949e+00 1.890437e+02
-1.031312e+00 -1.660599e+00 4.450695e+00 1.388461e+00 1.985038e+02
-7.080450e-01 -7.912259e-01 5.777323e+00 1.005989e+00 3.060608e+00
3.838234e-01 -2.213894e-01 4.113834e+00 1.001119e+00 5.716139e-01
-1.206509e+00 1.791235e+00 4.290704e+00 1.346771e+00 1.771998e+02
2.439480e+00 1.112686e+00 4.930359e+00 1.192324e+01 5.581776e+03
1.481053e+00 -5.828378e-01 4.997948e+00 1.197160e+01 5.606490e+03
1.467705e+00 8.175589e-01 5.581460e+00 1.363315e+00 1.856539e+02
7.145699e-01 -1.016280e+00 5.110698e+00 1.390743e+00 1.996696e+02
1.155421e+00 -1.111482e+00 6.325317e+00 1.443561e+00 2.266595e+02
8.769060e-01 -1.263369e+00 4.897686e+00 1.414694e+00 2.119086e+02
1.353069e-01 -8.616110e-01 5.568544e+00 1.009694e+00 4.953460e+00
4.807671e-02 -5.218686e-01 5.515029e+00 1.005113e+00 2.612545e+00
1.033958e+00 -8.585860e-01 4.803860e+00 1.301718e+00 1.541779e+02
1.223114e+00 1.860986e+00 3.955942e+00 1.456683e+00 2.333651e+02
-1.802734e-03 -1.483936e+00 4.897096e+00 1.313985e+00 1.604463e+02
-1.672081e+00 9.304036e-01 4.976230e+00 1.298704e+00 1.526375e+02
-1.661946e+00 8.707002e-01 5.557284e+00 1.321819e+00 1.644496e+02
9.837367e-01 8.992081e-01 4.684282e+00 1.374139e+00 1.911848e+02
1.483760e+00 -5.035225e-04 4.982524e+00 1.196871e+01 5.605012e+03
1.260001e-01 1.555702e+00 5.678211e+00 1.416293e+00 2.127257e+02
-1.254995e+00 1.052558e+00 6.560810e+00 1.012216e+00 6.242591e+00
-3.268043e-01 2.186334e+00 6.087390e+00 1.374443e+00 1.913401e+02
9.292283e-01 -7.651365e-01 3.777320e+00 1.459373e+00 2.347394e+02
-2.401926e-01 4.441406e-01 6.421801e+00 1.003806e+00 1.944659e+00
1.256831e+00 5.555894e-01 5.064499e+00 1.195971e+01 5.600413e+03
1.777152e+00 6.786375e-01 5.012724e+00 1.199967e+01 5.620833e+03
-6.510972e-01 1.287739e+00 5.000092e+00 1.125159e+01 5.238564e+03
7.179548e-01 -8.543783e-01 3.662352e+00 1.424801e+00 2.170735e+02
8.239259e-01 -7.704817e-01 3.922965e+00 1.407174e+00 2.080661e+02
5.757565e-01 -1.737252e+00 4.877640e+00 1.357951e+00 1.829132e+02
-8.941365e-01 -7.969289e-01 4.952708e+00 1.461758e+00 2.359585e+02
2.020637e-01 1.609807e+00 5.549207e+00 1.006783e+00 3.465929e+00
-6.410714e-01 -1.520081e+00 6.393782e+00 1.443307e+00 2.265298e+02
1.877502e+00 -3.841208e-01 3.122494e+00 1.588578e+00 3.007634e+02
7.937783e-01 5.806960e-02 2.956582e+00 1.775754e+00 3.964102e+02
-8.371701e-01 6.057450e-01 5.979698e+00 1.486799e+00 2.487544e+02
1.287613e+00 1.513852e-01 5.692343e+00 1.574946e+00 2.937975e+02
9.603593e-01 -8.668504e-01 4.024413e+00 1.003759e+00 1.920683e+00
-5.552550e-01 1.523620e+00 5.693747e+00 1.417610e+00 2.133989e+02
-1.206426e+00 -4.599942e-01 4.643420e+00 1.383723e+00 1.960823e+02
-1.369607e+00 -1.164703e+00 4.495267e+00 1.374093e+00 1.911616e+02
-8.076298e-01 1.305109e+00 4.802915e+00 1.364017e+00 1.860126e+02
1.170191e+00 -1.155234e+00 5.715546e+00 1.331359e+00 1.693243e+02
5.093622e-01 -1.163722e+00 4.670471e+00 1.369392e+00 1.887593e+02
1.603339e+00 2.806936e-01 5.200029e+00 1.201698e+01 5.629675e+03
-5.862893e-01 -1.322841e+00 6.490145e+00 1.425683e+00 2.175241e+02
1.425565e+00 1.107767e+00 5.117141e+00 1.197176e+01 5.606569e+03
-6.465702e-01 1.511976e+00 5.480446e+00 1.321518e+00 1.642956e+02
-7.851726e-01 -1.215008e+00 5.597844e+00 1.392471e+00 2.005528e+02
7.917810e-02 -1.168597e+00 4.402518e+00 1.843144e+00 4.308468e+02
9.449049e-01 -1.526408e+00 5.072433e+00 1.308997e+00 1.578974e+02
-4.482668e-01 2.039811e+00 5.066429e+00 1.291983e+00 1.492034e+02
1.034174e+00 -9.168217e-01 4.142065e+00 1.506304e+00 2.587213e+02
2.055689e+00 2.763429e-02 4.745115e+00 1.196628e+01 5.603768e+03
1.172873e+00 -4.407717e-03 4.430718e+00 1.396291e+00 2.025047e+02
2.392894e-01 1.059512e+00 4.839531e+00 1.457272e+00 2.336659e+02
-3.970339e-01 -1.014633e+00 4.938466e+00 1.432458e+00 2.209862e+02
-1.537377e+00 -2.189272e-02 5.103493e+00 1.421930e+00 2.156061e+02
1.170659e+00 6.065367e-01 6.936475e+00 1.532216e+00 2.719624e+02
-1.467432e+00 2.403629e-01 5.805029e+00 1.396032e+00 2.023723e+02
1.371983e+00 -1.435093e-01 4.858851e+00 1.192239e+01 5.581341e+03
2.130734e+00 6.576406e-02 4.554444e+00 1.282466e+00 1.443402e+02
-1.580917e+00 1.128627e+00 4.583006e+00 1.348636e+00 1.781530e+02
1.778298e+00 9.351160e-01 5.116490e+00 1.479147e+00 2.448444e+02
-1.463585e+00 -1.162195e+00 4.862596e+00 1.305159e+00 1.559364e+02
-1.328263e-01 -4.283572e-01 5.510672e+00 1.000837e+00 4.276429e-01
1.207814e-01 -1.022046e+00 5.287333e+00 1.467609e+00 2.389484e+02
1.888472e-02 1.159546e+00 6.110835e+00 1.425473e+00 2.174167e+02
-6.638114e-01 5.591516e-01 5.122543e+00 1.460241e+00 2.351834e+02
-1.624883e+00 -8.117664e-02 5.669767e+00 1.316875e+00 1.619229e+02
-1.180393e+00 5.039133e-02 4.554046e+00 1.385671e+00 1.970778e+02
1.399446e+00 -1.360326e+00 5.184291e+00 1.011141e+00 5.693034e+00
-7.682700e-01 -8.090486e-01 2.967262e+00 1.399471e+00 2.041299e+02
9.423406e-01 3.680891e-01 3.951399e+00 1.490766e+00 2.507812e+02
-9.690681e-01 -4.850381e-01 5.127469e+00 1.379165e+00 1.937534e+02
3.912223e+00 -1.100059e+00 5.018122e+00 1.128598e+01 5.256136e+03
-1.784394e+00 6.579609e-01 4.104491e+00 1.382430e+00 1.954217e+02
1.631880e+00 1.019258e+00 4.174523e+00 1.410164e+00 2.095938e+02
7.875784e-01 1.845490e-01 4.383675e+00 1.587608e+00 3.002676e+02
3.288721e-01 -1.998491e+00 5.385166e+00 1.481114e+00 2.458494e+02
1.147478e+00 -6.636431e-01 6.114839e+00 1.363112e+00 1.855502e+02
-7.596346e-01 -3.831337e-01 4.842749e+00 1.415555e+00 2.123487e+02
-1.396257e+00 1.035646e+00 5.548377e+00 1.224200e+00 1.145660e+02
1.079238e+00 7.079698e-01 3.810857e+00 1.409954e+00 2.094863e+02
-7.456994e-01 2.112000e+00 5.583500e+00 1.435718e+00 2.226521e+02
-1.622430e-01 3.781311e-01 5.800494e+00 1.000839e+00 4.285237e-01
-1.596366e+00 -6.935053e-01 4.856872e+00 1.369088e+00 1.886037e+02
-1.212611e+00 6.789672e-01 5.298823e+00 1.497375e+00 2.541588e+02
3.773365e-01 1.355547e+00 3.574736e+00 1.000802e+00 4.096908e-01
1.879297e+00 -1.387232e-01 4.976507e+00 1.353739e+00 1.807604e+02
1.616783e+00 1.039015e+00 5.114762e+00 1.488800e+00 2.497768e+02
-3.613049e-01 2.094314e+00 5.340862e+00 1.323116e+00 1.651124e+02
1.237667e+00 4.953325e-01 3.399302e+00 1.398021e+00 2.033887e+02
2.711616e+00 6.187615e-01 4.695037e+00 1.192689e+01 5.583642e+03
-1.780954e+00 3.609888e-01 5.035415e+00 1.364245e+00 1.861292e+02
-1.899308e-01 1.093190e+00 1.172393e+00 1.000734e+00 3.750098e-01
-9.514053e-01 1.468870e+00 6.055317e+00 1.383567e+00 1.960029e+02
1.591462e-01 -1.916757e+00 4.614044e+00 1.340530e+00 1.740109e+02
8.388633e-01 1.103852e+00 5.277568e+00 1.451777e+00 2.308578e+02
-5.787931e-02 1.460055e+00 5.003013e+00 1.389911e+00 1.992444e+02
1.183870e+00 9.500116e-01 4.985044e+00 1.194719e+01 5.594014e+03
5.878304e-01 9.792803e-01 6.633576e+00 1.551399e+00 2.817646e+02
1.066577e+00 9.685562e-02 5.034553e+00 1.189217e+01 5.565899e+03
-7.313985e-01 5.522352e-01 4.941998e+00 1.003347e+00 1.710230e+00
9.413675e-02 1.286657e+00 4.837663e+00 1.465682e+00 2.379635e+02
-7.606943e-01 -8.998250e-01 5.280934e+00 1.437746e+00 2.236883e+02
2.185693e-01 -1.310533e+00 4.055392e+00 1.438102e+00 2.238703e+02
-4.226348e-01 -1.826024e+00 5.143436e+00 1.303775e+00 1.552291e+02
2.265205e+00 2.251798e-01 5.030223e+00 1.196276e+01 5.601973e+03
9.614424e-01 -1.042969e+00 1.958915e+00 1.002636e+00 1.346917e+00
7.235216e-01 1.628010e+00 5.276734e+00 1.300903e+00 1.537616e+02
-2.097293e+00 -4.172289e-01 4.041838e+00 1.507826e+00 2.594993e+02
-1.928615e+00 -7.398598e-01 4.984468e+00 1.357095e+00 1.824754e+02
-2.337825e-01 1.094076e+00 5.176732e+00 1.559977e+00 2.861481e+02
-1.397576e+00 7.789022e-01 5.049764e+00 1.390576e+00 1.995842e+02
5.001086e-01 -1.783136e+00 5.890217e+00 1.006855e+00 3.502979e+00
-5.458561e-01 1.306430e+00 4.706241e+00 1.000294e+00 1.501866e-01
-7.465483e-01 -1.394133e+00 6.564092e+00 1.429356e+00 2.194007e+02
-1.084920e+00 -1.433402e+00 5.663356e+00 1.440874e+00 2.252864e+02
1.387307e+00 5.936327e-01 5.228555e+00 1.332412e+00 1.698627e+02
1.414393e+00 -5.847259e-01 4.890444e+00 1.376958e+00 1.926256e+02
-1.078843e+00 1.039050e+00 5.497574e+00 1.335287e+00 1.713315e+02
1.404321e+00 1.024761e+00 6.089480e+00 1.475068e+00 2.427597e+02
1.270961e+00 -5.422454e-01 4.631354e+00 1.428690e+00 2.190608e+02
-1.185298e+00 1.770464e+00 5.349102e+00 1.406776e+00 2.078625e+02
7.035384e-01 -1.753159e+00 5.044013e+00 1.251059e+00 1.282909e+02
-2.003073e+00 -7.139724e-01 4.215845e+00 1.415766e+00 2.124565e+02
-5.356040e-01 -1.122405e+00 4.605923e+00 1.332528e+00 1.699217e+02
1.186778e+00 -1.773345e+00 4.120575e+00 1.362972e+00 1.854785e+02
1.328904e+00 1.877988e-02 4.867966e+00 1.196357e+01 5.602386e+03
-3.300937e-01 1.028875e+00 4.908860e+00 1.414589e+00 2.118549e+02
1.538106e+00 1.137226e+00 4.873642e+00 1.192505e+01 5.582702e+03
1.232415e-01 -8.157932e-01 4.004403e+00 1.428579e+00 2.190040e+02
8.737749e-01 1.731885e+00 4.951139e+00 1.513928e+00 2.626172e+02
-1.436915e+00 1.990968e-01 3.248442e+00 1.002237e+00 1.142921e+00
-6.311037e-01 1.112159e+00 4.997476e+00 1.127091e+01 5.248433e+03
7.340733e-03 -1.114521e+00 5.205840e+00 1.406025e+00 2.074790e+02
1.964922e+00 3.142388e-01 5.123370e+00 1.357854e+00 1.828636e+02
5.567638e-01 -1.151218e+00 6.541180e+00 1.387139e+00 1.978278e+02
-1.320087e+00 -1.179047e-01 4.178223e+00 1.406383e+00 2.076618e+02
1.218558e+00 -4.093067e-01 2.441558e+00 1.001052e+00 5.373256e-01
-5.205502e-02 1.770814e+00 5.719232e+00 1.424872e+00 2.171096e+02
4.621668e-01 1.438756e+00 3.897572e+00 1.311762e+00 1.593103e+02
6.033068e-01 -1.440624e+00 3.693251e+00 1.323347e+00 1.652303e+02
1.052973e+00 6.418463e-01 4.256168e+00 1.395585e+00 2.021439e+02
-5.779237e-01 -1.457281e+00 3.509261e+00 1.004247e+00 2.170169e+00
-1.986120e-01 1.829920e+00 5.785174e+00 1.285552e+00 1.459173e+02
-1.661513e+00 5.493635e-01 5.237677e+00 1.370781e+00 1.894693e+02
-4.283176e-01 -9.865551e-01 4.548190e+00 1.404034e+00 2.064612e+02
1.281738e-01 -1.401191e+00 8.312344e+00 1.001435e+00 7.334405e-01
-1.489258e-02 1.533948e+00 4.747980e+00 1.371399e+00 1.897847e+02
-1.594624e+00 -2.948110e-01 4.375134e+00 1.433337e+00 2.214351e+02
1.779078e+00 -2.904546e-01 5.570900e+00 1.356523e+00 1.821831e+02
-9.388244e-01 -1.964233e+00 5.186852e+00 1.159874e+00 8.169585e+01
1.367325e+00 -1.886292e-01 4.227577e+00 1.409792e+00 2.094038e+02
-8.965430e-01 -8.078798e-01 4.658575e+00 1.005875e+00 3.002103e+00
5.678197e-01 1.058590e+00 4.441304e+00 1.417896e+00 2.135446e+02
-1.963244e+00 7.227256e-01 4.556385e+00 1.375380e+00 1.918193e+02
2.458231e+00 8.369101e-01 4.954116e+00 1.191247e+01 5.576271e+03
1.486459e-01 -1.941553e+00 4.586198e+00 1.485325e+00 2.480011e+02
-1.556013e+00 4.669696e-01 5.421839e+00 1.363783e+00 1.858929e+02
1.403344e+00 7.730004e-02 5.939462e+00 1.350818e+00 1.792681e+02
1.533932e+00 6.788233e-01 3.559416e+00 1.388992e+00 1.987749e+02
1.230336e+00 -5.736540e-01 5.004345e+00 1.394066e+00 2.013676e+02
-9.121416e-01 1.854288e+00 5.167245e+00 1.280183e+00 1.431737e+02
8.522329e-02 1.318708e-01 6.308435e+00 1.005554e+00 2.838095e+00
-1.358152e+00 -4.943918e-01 5.428739e+00 1.368571e+00 1.883400e+02
2.608474e+00 -5.496356e-01 5.154670e+00 1.187793e+01 5.558620e+03
5.624302e-01 1.287455e+00 5.190437e+00 1.382768e+00 1.955946e+02
4.543213e-02 -9.269324e-01 3.028706e+00 1.525119e+00 2.683360e+02
5.101014e-01 -1.763841e+00 3.572395e+00 1.451372e+00 2.306513e+02
1.184542e+00 9.647744e-01 5.115046e+00 1.194636e+01 5.593588e+03
1.992965e+00 7.754041e-02 5.683614e+00 1.483601e+00 2.471200e+02
2.457837e-01 -1.489455e+00 5.026371e+00 1.126605e+01 5.245952e+03
-8.589995e-01 1.590399e-01 4.239229e+00 1.015199e+00 7.766844e+00
-6.570754e-01 5.616901e-01 4.814818e+00 1.534323e+00 2.730389e+02
4.897907e-01 -1.429557e+00 4.227658e+00 1.361235e+00 1.845910e+02
2.249654e+00 -2.174079e+00 5.022517e+00 1.127069e+01 5.248324e+03
-4.158775e-01 1.885905e+00 5.158370e+00 1.334386e+00 1.708714e+02
5.419469e-01 7.899093e-01 5.243857e+00 1.430300e+00 2.198835e+02
6.271940e-01 1.567324e+00 5.827992e+00 1.350093e+00 1.788976e+02
4.273612e-01 8.058312e-01 4.664077e+00 1.424654e+00 2.169982e+02
-5.066362e-01 1.720249e+00 5.378399e+00 1.431333e+00 2.204113e+02
7.827309e-01 3.724720e-01 4.668455e+00 1.420067e+00 2.146541e+02
1.409131e+00 -1.078877e+00 6.016786e+00 1.392687e+00 2.006630e+02
2.005410e+00 -4.564405e-01 4.098335e+00 1.443446e+00 2.266007e+02
1.709032e+00 9.652290e-01 5.573118e+00 1.005800e+00 2.963623e+00
1.765163e+00 5.653882e-01 5.703863e+00 1.013573e+00 6.935950e+00
6.564883e-01 -1.103899e+00 5.661832e+00 1.426066e+00 2.177196e+02
-7.387067e-01 1.088500e+00 4.500426e+00 1.348974e+00 1.783256e+02
1.862653e+00 -5.936028e-01 4.703791e+00 1.455604e+00 2.328135e+02
-1.995385e-01 1.450071e+00 9.000324e+00 1.001940e+00 9.913552e-01
7.534864e-01 1.262330e+00 5.880315e+00 1.415846e+00 2.124972e+02
-1.786017e+00 9.252645e-01 4.888735e+00 1.336679e+00 1.720429e+02
1.596171e+00 2.586313e-01 5.178856e+00 1.198157e+01 5.611583e+03
-9.160768e-01 -1.148701e+00 5.452737e+00 1.373124e+00 1.906662e+02
-1.808314e-01 9.479626e-01 5.585257e+00 1.425392e+00 2.173752e+02
1.156616e-01 -1.651662e+00 4.718765e+00 1.359319e+00 1.836122e+02
-1.135249e+00 1.350748e+00 4.496520e+00 1.321671e+00 1.643738e+02
-3.693050e-01 9.729443e-01 4.893097e+00 1.403099e+00 2.059834e+02
-1.937262e+00 9.274416e-02 5.101683e+00 1.359255e+00 1.835795e+02
-1.591303e+00 1.159153e+00 5.400206e+00 1.337600e+00 1.725138e+02
-5.127490e-01 1.219670e+00 4.076421e+00 1.413920e+00 2.115129e+02
-5.049989e-02 -1.676351e+00 5.689617e+00 1.352425e+00 1.800891e+02
4.283607e-01 2.896799e+00 4.942667e+00 1.124468e+01 5.235029e+03
9.190485e-02 -4.402262e-02 5.347317e+00 1.000152e+00 7.773072e-02
-1.858885e-01 1.339713e+00 4.292728e+00 1.543347e+00 2.776503e+02
-1.092099e+00 -3.919864e-01 3.171327e+00 1.448617e+00 2.292431e+02
7.908380e-01 1.384528e+00 5.249984e+00 1.347116e+00 1.773761e+02
-9.231089e-01 -1.181656e+00 5.397765e+00 1.391042e+00 1.998227e+02
2.435991e+00 1.103149e+00 5.394031e+00 1.195993e+01 5.600522e+03
-1.523640e+00 3.913304e-01 3.405307e+00 1.505453e+00 2.582866e+02
1.733360e+00 -1.929858e-01 4.872712e+00 1.198861e+01 5.615179e+03
1.441474e+00 -1.607256e-01 5.041749e+00 1.198169e+01 5.611645e+03
-1.452137e+00 -1.461496e+00 6.057217e+00 1.375814e+00 1.920411e+02
-2.027797e+00 -4.558002e-01 3.970876e+00 1.522887e+00 2.671953e+02
-3.933373e-01 -9.515953e-01 3.538584e+00 1.396092e+00 2.024030e+02
-1.193757e+00 7.849746e-03 5.108403e+00 1.377661e+00 1.929849e+02
-1.185473e+00 7.196295e-01 4.702602e+00 1.366191e+00 1.871236e+02
-3.350076e-01 -9.981042e-01 4.350909e+00 1.460237e+00 2.351810e+02
1.195328e+00 8.357846e-01 5.418522e+00 1.341773e+00 1.746460e+02
2.887604e-01 -1.897363e+00 5.240163e+00 1.269534e+00 1.377320e+02
7.474114e-01 -2.442113e-01 8.556718e+00 1.510377e+00 2.608028e+02
1.551638e+00 1.772069e-01 3.740061e+00 1.407487e+00 2.082259e+02
-9.386940e-01 6.263809e-01 5.053226e+00 1.374241e+00 1.912370e+02
-2.332928e+00 -4.558411e-01 4.866421e+00 1.489766e+00 2.502704e+02
1.593145e+00 -5.283927e-01 5.056180e+00 1.193040e+01 5.585437e+03
2.236832e+00 -3.658574e-01 5.130825e+00 1.193629e+01 5.588443e+03
-4.442121e-01 1.420080e-01 4.461910e+00 1.000575e+00 2.936704e-01
-3.159041e-01 2.152345e+00 4.664198e+00 1.368242e+00 1.881716e+02
1.697487e+00 8.212112e-01 2.799599e+00 1.508874e+00 2.600347e+02
1.811005e+00 9.753133e-01 4.301800e+00 1.292150e+00 1.492889e+02
2.250341e+00 -3.902158e-02 4.853788e+00 1.186869e+01 5.553900e+03
-4.493743e-01 1.835931e+00 4.675155e+00 1.368206e+00 1.881534e+02
5.828824e-01 -1.441918e+00 4.207872e+00 1.321779e+00 1.644290e+02
-1.262308e+00 -4.865131e-01 4.407430e+00 1.478647e+00 2.445886e+02
-1.222293e+00 3.136302e-01 5.518152e+00 1.416239e+00 2.126984e+02
1.782255e+00 -1.733222e-02 4.998848e+00 1.194701e+01 5.593922e+03
1.526892e+00 3.610230e-01 5.444877e+00 1.332172e+00 1.697400e+02
4.873838e-01 -7.566033e-01 5.001394e+00 1.514106e+00 2.627084e+02
1.941940e+00 -1.321755e-01 4.756201e+00 1.314736e+00 1.608300e+02
2.491771e+00 -5.106359e-01 4.977914e+00 1.197120e+01 5.606283e+03
1.123783e+00 -1.334402e+00 3.982332e+00 1.151838e+00 7.758928e+01
1.674377e+00 -9.210831e-01 4.878697e+00 1.346669e+00 1.771481e+02
1.272065e+00 2.076124e-01 4.922989e+00 1.194224e+01 5.591485e+03
2.333963e+00 6.451021e-01 5.137596e+00 1.198418e+01 5.612917e+03
4.887378e-01 -1.059338e+00 3.995941e+00 1.510141e+00 2.606820e+02
1.778793e-01 1.017462e+00 3.611384e+00 1.437227e+00 2.234230e+02
6.001958e-01 9.312357e-01 5.770633e+00 1.424585e+00 2.169630e+02
3.495860e-01 -1.043751e+00 5.836202e+00 1.453260e+00 2.316158e+02
2.407874e+00 5.748252e-01 5.157263e+00 1.198788e+01 5.614806e+03
-1.370079e+00 -2.370776e-01 5.207735e+00 1.000807e+00 4.121225e-01
1.269202e+00 8.993010e-01 4.400725e+00 1.404583e+00 2.067421e+02
2.880900e-01 1.107436e+00 4.700199e+00 1.437211e+00 2.234150e+02
-1.685460e+00 6.561906e-01 5.480446e+00 1.450686e+00 2.303004e+02
-2.133981e+00 3.769768e-01 4.079920e+00 1.509601e+00 2.604061e+02
2.454747e+00 -1.971805e+00 5.005330e+00 1.133882e+01 5.283139e+03
-4.146134e-01 -8.252320e-01 5.748217e+00 1.480705e+00 2.456404e+02
-4.638572e-01 -1.602575e+00 4.922003e+00 1.348002e+00 1.778291e+02
1.320136e+00 7.297441e-01 5.091288e+00 1.193220e+01 5.586352e+03
-4.630077e-02 8.403971e-01 4.630493e+00 1.659519e+00 3.370140e+02
1.277845e+00 -3.520816e-01 8.693183e+00 1.516819e+00 2.640947e+02
-6.545695e-01 -6.940100e-01 6.667149e+00 1.446280e+00 2.280492e+02
-9.833987e-01 -1.053191e+00 4.889362e+00 1.396678e+00 2.027022e+02
2.109119e-01 5.037134e-02 4.745161e+00 1.001712e+00 8.746193e-01
-1.774443e-01 1.698006e+00 5.326936e+00 1.318344e+00 1.626737e+02
2.186665e+00 3.386300e-02 4.962961e+00 1.194068e+01 5.590688e+03
1.257243e+00 -1.100656e+00 5.530531e+00 1.266384e+00 1.361221e+02
8.800075e-01 -7.643409e-01 6.274178e+00 1.423210e+00 2.162604e+02
-7.758003e-01 -1.417307e+00 4.315149e+00 1.374374e+00 1.913054e+02
2.412228e+00 -2.137707e-01 5.039484e+00 1.196358e+01 5.602389e+03
8.810590e-02 3.169335e-01 5.965340e+00 1.002818e+00 1.439789e+00
2.229141e+00 3.226562e-01 5.117115e+00 1.200255e+01 5.622305e+03
-7.953359e-01 3.102967e-01 3.680208e+00 1.001778e+00 9.083213e-01
-6.453033e-01 1.107202e+00 4.423095e+00 1.386079e+00 1.972864e+02
-2.493358e-01 1.135075e+00 4.286356e+00 1.371279e+00 1.897237e+02
1.171541e+00 9.298440e-02 4.078125e+00 1.381683e+00 1.950401e+02
9.864981e-01 1.532780e+00 5.918215e+00 1.327136e+00 1.671665e+02
6.229151e-01 6.387316e-01 5.548492e+00 1.413502e+00 2.112995e+02
8.298421e-01 1.233349e+00 7.948379e+00 1.441693e+00 2.257053e+02
-5.356036e-01 1.271534e+00 5.109333e+00 1.393180e+00 2.009152e+02
-1.307143e+00 1.032263e+00 6.913419e+00 1.002451e+00 1.252628e+00
-1.544130e+00 5.574342e-01 4.294414e+00 1.425458e+00 2.174090e+02
8.273278e-01 -1.408713e+00 4.390560e+00 1.405910e+00 2.074201e+02
9.136812e-01 4.099706e-01 5.670139e+00 1.427094e+00 2.182448e+02
9.551942e-01 8.574343e-01 4.830992e+00 1.383504e+00 1.959704e+02
-2.498452e-01 1.769640e+00 4.780574e+00 1.424748e+00 2.170461e+02
5.534610e-01 -1.151730e+00 4.953893e+00 1.378692e+00 1.935114e+02
1.108795e+00 3.802371e-01 4.808249e+00 1.198532e+01 5.613499e+03
9.230974e-01 9.373820e-01 6.240203e+00 1.368106e+00 1.881022e+02
1.347273e+00 5.772741e-01 4.966701e+00 1.199793e+01 5.619943e+03
-7.016768e-01 -1.401561e+00 3.707931e+00 1.392882e+00 2.007629e+02
-1.243313e+00 1.330867e+00 4.769343e+00 1.102543e+00 5.239965e+01
4.122485e-01 1.595997e+00 5.661076e+00 1.299185e+00 1.528837e+02
-2.906554e-01 -9.947318e-01 5.020123e+00 1.125002e+01 5.237762e+03
-1.672936e+00 1.276197e+00 4.558527e+00 1.440263e+00 2.249742e+02
2.609596e+00 1.728866e-02 5.070890e+00 1.196140e+01 5.601276e+03
-9.538426e-01 1.258932e+00 4.167493e+00 1.302165e+00 1.544064e+02
-1.055323e+00 -3.670725e-02 4.545613e+00 1.482405e+00 2.465089e+02
1.253443e+00 -4.307008e-01 6.545405e+00 1.006195e+00 3.165867e+00
5.452637e-01 1.633478e+00 5.920465e+00 1.424255e+00 2.167942e+02
-1.851991e+00 9.071015e-01 4.802602e+00 1.351526e+00 1.796299e+02
6.859303e-01 1.191302e+00 3.273301e+00 1.446892e+00 2.283620e+02
8.375922e-01 1.592605e+00 4.534907e+00 1.291445e+00 1.489283e+02
-1.165828e+00 -1.201096e+00 5.492915e+00 1.324491e+00 1.658150e+02
-6.594497e-01 -1.463118e+00 5.375505e+00 1.328513e+00 1.678704e+02
2.227358e+00 1.088238e+00 5.095896e+00 1.192274e+01 5.581518e+03
-2.379230e-01 1.569213e+00 5.220944e+00 1.320262e+00 1.636536e+02
2.514623e-01 3.520084e-01 7.095117e+00 1.000464e+00 2.372622e-01
-9.643660e-02 6.090349e-01 4.796282e+00 1.012765e+00 6.522955e+00
2.338667e+00 8.159437e-01 5.082721e+00 1.196805e+01 5.604675e+03
2.181372e-01 1.056751e+00 6.476245e+00 1.533348e+00 2.725407e+02
-2.218622e-01 -1.088936e+00 4.997243e+00 1.125330e+01 5.239437e+03
-1.298022e+00 5.676850e-01 4.896231e+00 1.344464e+00 1.760213e+02
-1.305856e-01 -2.074008e+00 4.641946e+00 1.418548e+00 2.138782e+02
-1.962712e+00 1.906740e-01 5.058376e+00 1.402426e+00 2.056397e+02
-1.425186e-01 1.518287e+00 5.489894e+00 1.472674e+00 2.415365e+02
1.429591e+00 -6.999533e-01 6.377761e+00 1.346028e+00 1.768206e+02
2.608443e+00 5.297700e-01 4.864322e+00 1.197984e+01 5.610696e+03
2.464998e+00 6.365990e-01 5.016046e+00 1.197689e+01 5.609192e+03
-7.020772e-01 -1.090744e+00 3.791984e+00 1.699853e+00 3.576248e+02
-9.734220e-01 -8.754285e-01 6.599800e+00 1.457347e+00 2.337044e+02
1.106170e+00 -1.124985e+00 5.547309e+00 1.385642e+00 1.970631e+02
4.513178e-01 -1.055722e+00 5.676310e+00 1.463156e+00 2.366726e+02
1.692697e+00 3.487247e-01 5.247515e+00 1.203033e+01 5.636500e+03
-4.099518e-01 1.764511e+00 5.015908e+00 1.331467e+00 1.693796e+02
5.010919e-01 1.018139e+00 5.501775e+00 1.422572e+00 2.159341e+02
2.331593e+00 1.528166e+00 5.105384e+00 1.197478e+01 5.608111e+03
1.606413e+00 1.421857e+00 4.663163e+00 1.453831e+00 2.319078e+02
-1.018828e+00 4.584986e-01 5.534623e+00 1.389405e+00 1.989859e+02
-1.449049e+00 -1.374439e+00 4.800240e+00 1.363379e+00 1.856866e+02
-1.496119e+00 -7.526362e-01 4.320908e+00 1.340154e+00 1.738186e+02
8.721352e-01 1.889012e+00 5.605335e+00 1.402677e+00 2.057681e+02
1.214016e-01 1.794286e+00 5.461539e+00 1.319928e+00 1.634831e+02
2.127283e+00 3.738883e-01 5.198018e+00 1.199213e+01 5.616976e+03
3.947182e-01 -8.438962e-01 5.262963e+00 1.426824e+00 2.181070e+02
-1.970088e-01 -1.044796e+00 4.607502e+00 1.374693e+00 1.914679e+02
-1.956240e+00 1.122249e+00 5.722613e+00 1.367607e+00 1.878471e+02
2.794638e+00 2.930948e+00 4.962131e+00 1.128089e+01 5.253537e+03
1.208014e+00 5.090993e-01 6.434074e+00 1.439061e+00 2.243601e+02
-7.871735e-02 -1.334433e+00 2.242067e+00 1.001245e+00 6.361189e-01
1.290685e+00 6.116950e-01 3.862738e+00 1.428509e+00 2.189681e+02
-1.218515e+00 1.113551e+00 5.517282e+00 1.301716e+00 1.541766e+02
3.587529e-01 2.585081e-01 6.877367e+00 1.000587e+00 3.001502e-01
1.568146e+00 -4.340679e-01 5.419781e+00 1.358055e+00 1.829663e+02
-2.404749e-01 -3.991214e-01 6.614565e+00 1.001698e+00 8.677604e-01
-2.647041e-01 -2.005987e+00 3.971651e+00 1.369706e+00 1.889198e+02
-6.792024e-01 -9.063056e-01 5.427397e+00 1.545973e+00 2.789923e+02
-8.177189e-01 4.579677e-02 4.400665e+00 1.467907e+00 2.391007e+02
-1.117051e+00 7.771507e-01 4.546054e+00 1.400050e+00 2.044254e+02
-4.360317e-01 -6.484313e-01 4.438188e+00 1.436084e+00 2.228392e+02
-3.303081e-01 -1.012335e+00 3.695401e+00 1.000316e+00 1.613952e-01
1.101507e+00 9.464103e-01 3.639551e+00 1.397341e+00 2.030411e+02
1.371732e+00 -9.691407e-01 5.305746e+00 1.325558e+00 1.663602e+02
-5.944214e-01 -9.157825e-01 5.687988e+00 1.385623e+00 1.970534e+02
4.735427e-03 -3.611335e-01 5.920888e+00 1.001356e+00 6.929126e-01
1.621346e+00 3.794878e-01 4.250482e+00 1.313130e+00 1.600095e+02
2.185148e+00 6.830845e-01 4.885487e+00 1.197065e+01 5.606001e+03
3.803345e-01 -1.564773e+00 6.134453e+00 1.371360e+00 1.897648e+02
1.524383e-01 1.343529e-01 3.839927e+00 1.004743e+00 2.423458e+00
-4.579559e-01 1.694651e+00 5.404525e+00 1.139134e+00 7.109740e+01
1.281852e+00 3.469507e-01 5.202883e+00 1.197723e+01 5.609367e+03
-5.547420e-01 4.876355e-01 4.088670e+00 1.000881e+00 4.499707e-01
-1.313884e+00 -1.330080e+00 5.658117e+00 1.314694e+00 1.608087e+02
2.437975e+00 2.728442e-01 4.856240e+00 1.196557e+01 5.603404e+03
2.407827e+00 7.980275e-01 4.820096e+00 1.196915e+01 5.605236e+03
-1.721216e+00 -3.934494e-01 7.012033e+00 1.017804e+00 9.097867e+00
-6.720209e-01 3.967604e-01 4.998369e+00 1.129054e+01 5.258467e+03
1.866310e+00 -7.989596e-01 4.784762e+00 1.369999e+00 1.890694e+02
9.447186e-01 1.176096e-01 4.794552e+00 1.512611e+00 2.619444e+02
-1.178138e+00 8.249239e-01 4.561431e+00 1.398676e+00 2.037236e+02
-1.103920e+00 7.278824e-01 6.053523e+00 1.419518e+00 2.143736e+02
3.721337e+00 2.336565e+00 4.987680e+00 1.124774e+01 5.236593e+03
8.391943e-01 -1.661893e+00 5.040553e+00 1.310666e+00 1.587505e+02
-1.190623e-01 -8.401601e-02 7.640184e+00 1.000169e+00 8.646825e-02
1.465301e+00 -1.314003e+00 5.743353e+00 1.578129e+00 2.954239e+02
1.405203e+00 -2.700110e-02 5.030615e+00 1.194741e+01 5.594128e+03
3.994076e-01 2.039873e+00 5.521598e+00 1.347386e+00 1.775144e+02
1.040608e+00 -3.680188e-01 4.806892e+00 1.196236e+01 5.601768e+03
-8.770921e-01 1.318357e+00 5.428621e+00 1.318633e+00 1.628216e+02
1.480923e+00 -1.597298e-01 4.852029e+00 1.187415e+01 5.556692e+03
-3.618155e-01 -2.182595e+00 4.881232e+00 1.613164e+00 3.133270e+02
-3.863475e-01 -2.037733e+00 4.141335e+00 1.385148e+00 1.968105e+02
-3.737181e-01 1.186719e+00 5.910921e+00 1.392622e+00 2.006301e+02
2.783620e+00 -1.958702e+00 4.994950e+00 1.130296e+01 5.264814e+03
2.491992e+00 1.667678e-01 4.946644e+00 1.198597e+01 5.613832e+03
2.516431e+00 2.236007e-01 5.004404e+00 1.195788e+01 5.599475e+03
2.105157e+00 7.339065e-01 4.878406e+00 1.194299e+01 5.591867e+03
1.318150e+00 3.452233e-01 5.109916e+00 1.372195e+00 1.901917e+02
-1.348612e+00 -1.547459e-01 5.039505e+00 1.369626e+00 1.888789e+02
1.491303e+00 1.452303e+00 5.182785e+00 1.183647e+01 5.537436e+03
2.380365e-01 2.116523e-01 6.229011e+00 1.009176e+00 4.689040e+00
-1.128345e+00 7.786992e-01 5.576781e+00 1.307536e+00 1.571510e+02
2.025841e+00 3.633656e-01 3.936933e+00 1.412476e+00 2.107752e+02
-1.640055e+00 6.436607e-02 7.252613e+00 1.551514e+00 2.818239e+02
1.367448e+00 -8.302971e-01 4.094187e+00 1.355180e+00 1.814971e+02
2.657250e+00 4.096203e-01 4.953012e+00 1.193795e+01 5.589290e+03
2.009483e+00 -1.321242e-01 4.967750e+00 1.199207e+01 5.616950e+03
-1.134704e+00 -1.520631e+00 4.223042e+00 1.337671e+00 1.725497e+02
2.079657e+00 -3.991220e-01 4.847914e+00 1.199668e+01 5.619304e+03
-1.609093e+00 -7.921126e-01 5.983847e+00 1.326926e+00 1.670593e+02
-1.341389e-01 1.517797e-01 7.547247e+00 1.000744e+00 3.803041e-01
-3.801793e-01 -1.896677e+00 5.313446e+00 1.251887e+00 1.287142e+02
2.202106e+00 2.594148e-01 4.927876e+00 1.200366e+01 5.622873e+03
4.058328e+00 1.848491e+00 4.998563e+00 1.126164e+01 5.243696e+03
-1.155498e+00 -1.026207e+00 4.877596e+00 1.310724e+00 1.587799e+02
-4.287987e-01 -2.112420e+00 4.316737e+00 1.423192e+00 2.162513e+02
1.353012e+00 7.486983e-01 4.968904e+00 1.198779e+01 5.614760e+03
-1.146320e+00 1.623754e+00 5.614840e+00 1.354628e+00 1.812149e+02
2.300044e+00 -9.320797e-01 4.827811e+00 1.189817e+01 5.568965e+03
-1.128709e+00 -4.681024e-01 4.510709e+00 1.375293e+00 1.917750e+02
-1.826996e-01 3.968160e-01 5.782583e+00 1.000514e+00 2.624427e-01
1.366733e+00 -1.169350e+00 5.608441e+00 1.291978e+00 1.492007e+02
2.984356e-01 -1.327481e+00 5.853911e+00 1.391385e+00 1.999978e+02
-2.160283e-01 -1.714332e+00 5.713926e+00 1.419585e+00 2.144082e+02
1.454625e-01 -1.404803e+00 3.261188e+00 1.002405e+00 1.229130e+00
3.839677e+00 -1.274695e+00 5.029503e+00 1.125397e+01 5.239778e+03
-1.033759e+00 1.005731e+00 4.528191e+00 1.420930e+00 2.150954e+02
-1.023540e+00 -9.255606e-01 7.196405e+00 1.002906e+00 1.485030e+00
