-2.069983e-01 -1.225342e+00 4.894093e+00 1.581366e+00 2.970782e+02
1.119896e+00 7.104300e-01 7.169448e+00 1.505155e+00 2.581343e+02
-8.305165e-01 7.679233e-01 3.397940e+00 1.428945e+00 2.191909e+02
1.810670e+00 8.841238e-01 3.528403e+00 1.010439e+00 5.334494e+00
-1.299577e+00 4.026910e-01 3.838210e+00 1.468075e+00 2.391862e+02
1.071176e+00 -1.995418e+00 5.002068e+00 4.135651e+00 1.602318e+03
-1.879139e+00 2.389986e-01 4.846430e+00 1.345520e+00 1.765609e+02
-5.867740e-01 -2.672397e-01 5.027075e+00 4.103302e+00 1.585787e+03
-6.624150e-01 2.228272e+00 5.420847e+00 1.404476e+00 2.066871e+02
3.923638e-01 1.539429e+00 3.691178e+00 1.005043e+00 2.576924e+00
1.055659e+00 -1.351888e+00 5.084558e+00 1.343474e+00 1.755153e+02
2.283725e+00 3.141499e+00 5.050707e+00 4.085892e+00 1.576891e+03
-1.447736e+00 -7.176202e-01 4.561670e+00 1.292965e+00 1.497052e+02
5.216543e-01 -1.021508e-01 4.150914e+00 1.438342e+00 2.239928e+02
-1.757417e+00 -9.499856e-01 5.125697e+00 1.342683e+00 1.751109e+02
-4.732455e-01 1.329781e+00 5.055424e+00 1.423329e+00 2.163209e+02
5.857458e-01 7.920511e-01 5.339859e+00 4.377412e+00 1.725857e+03
1.385055e+00 -4.056355e-01 5.823824e+00 1.489924e+00 2.503509e+02
1.893447e+00 2.008624e-01 5.124472e+00 4.438929e+00 1.757293e+03
-7.042009e-01 9.731246e-01 5.619609e+00 1.257008e+00 1.313312e+02
1.131067e+00 -9.979663e-01 5.455056e+00 1.388138e+00 1.983384e+02
4.208225e+00 -2.054251e-01 4.995800e+00 4.122949e+00 1.595827e+03
-6.360065e-01 2.283393e-01 4.489034e+00 1.003194e+00 1.631924e+00
-1.484863e+00 1.683628e+00 5.492699e+00 1.323263e+00 1.651876e+02
2.007204e+00 -3.202519e-02 5.276049e+00 1.355226e+00 1.815204e+02
1.980258e+00 4.039986e-01 4.719646e+00 4.495843e+00 1.786376e+03
-6.173557e-01 -1.157511e+00 5.564513e+00 1.376111e+00 1.921926e+02
-5.267556e-01 -8.548301e-01 4.360058e+00 1.376636e+00 1.924610e+02
-4.356995e-01 1.962837e-01 4.315755e+00 1.000767e+00 3.916911e-01
-1.607275e+00 1.687542e+00 5.765050e+00 1.399150e+00 2.039656e+02
-1.178557e+00 -9.141095e-01 5.554594e+00 1.564920e+00 2.886743e+02
1.195057e+00 8.506725e-01 4.725171e+00 4.545447e+00 1.811723e+03
1.367874e+00 4.265360e-02 5.484007e+00 4.495686e+00 1.786296e+03
1.400663e+00 3.224726e-01 4.739247e+00 1.381992e+00 1.951981e+02
-8.089836e-02 -2.047573e+00 4.768411e+00 1.363145e+00 1.855669e+02
-2.282452e-02 -1.477919e+00 4.498854e+00 1.392314e+00 2.004726e+02
2.602295e-01 1.344915e+00 4.723032e+00 1.304868e+00 1.557876e+02
1.163215e+00 3.506123e-01 4.176399e+00 1.387758e+00 1.981446e+02
1.211730e-01 -1.727803e+00 3.981049e+00 1.420427e+00 2.148383e+02
4.302078e+00 -3.191722e-01 5.040370e+00 4.089005e+00 1.578481e+03
-9.412492e-01 1.015981e+00 5.729097e+00 1.389049e+00 1.988041e+02
-1.255219e+00 -8.496593e-01 5.218297e+00 1.411974e+00 2.105189e+02
-1.162764e+00 -6.990489e-01 5.296931e+00 1.329622e+00 1.684369e+02
3.944530e+00 -9.464195e-01 4.995428e+00 4.106859e+00 1.587605e+03
1.593548e+00 9.914606e-01 5.823134e+00 1.425033e+00 2.171919e+02
-2.197517e+00 -7.795778e-01 5.908317e+00 1.353827e+00 1.808058e+02
1.941156e+00 1.811617e-01 4.960728e+00 4.476788e+00 1.776639e+03
-8.072896e-01 1.097902e+00 4.227960e+00 1.424545e+00 2.169423e+02
1.907223e+00 -6.943366e-01 5.086629e+00 1.362634e+00 1.853060e+02
1.124222e+00 1.190715e+00 5.989868e+00 1.005131e+00 2.622107e+00
-1.119534e+00 -1.239864e+00 6.841756e+00 1.513868e+00 2.625864e+02
-1.700477e-01 1.653544e+00 5.486574e+00 1.411738e+00 2.103980e+02
-9.342141e-01 7.791204e-01 5.486471e+00 1.016825e+00 8.597439e+00
3.906874e-01 2.702143e+00 5.004346e+00 4.106684e+00 1.587516e+03
1.588082e+00 6.150447e-01 2.688256e+00 1.004172e+00 2.131809e+00
1.308250e+00 -8.517314e-01 4.957518e+00 4.447514e+00 1.761680e+03
7.171052e-01 2.820214e-01 4.716823e+00 1.445537e+00 2.276694e+02
-8.028271e-01 1.161275e-01 4.962005e+00 4.060709e+00 1.564022e+03
-7.457570e-01 -7.434237e-01 4.205852e+00 1.388192e+00 1.983661e+02
1.896874e+00 6.561429e-01 4.962205e+00 4.469470e+00 1.772899e+03
4.177783e+00 -4.899063e-01 5.032376e+00 4.109606e+00 1.589009e+03
1.290640e+00 -5.884585e-01 4.824897e+00 1.411111e+00 2.100775e+02
-1.491691e+00 -2.380128e-01 5.107813e+00 1.380119e+00 1.942409e+02
-8.220082e-01 1.056720e+00 3.050685e+00 1.607153e+00 3.102554e+02
-1.500758e+00 -8.491532e-01 5.533417e+00 1.356959e+00 1.824063e+02
1.315957e+00 -1.009767e+00 5.431237e+00 1.401735e+00 2.052868e+02
2.131907e+00 1.438004e+00 5.046178e+00 4.386110e+00 1.730302e+03
1.821307e+00 4.593643e-01 3.746303e+00 1.356636e+00 1.822410e+02
-8.448879e-01 -5.597207e-01 5.504121e+00 1.379823e+00 1.940895e+02
-3.973751e-01 1.537527e+00 7.142353e+00 1.507875e+00 2.595239e+02
1.995735e+00 3.823191e-02 5.327281e+00 1.379200e+00 1.937712e+02
-3.925853e-01 1.313881e+00 4.347825e+00 1.493204e+00 2.520274e+02
-5.198936e-01 -1.094750e+00 6.689148e+00 1.465778e+00 2.380124e+02
8.589393e-01 -7.189933e-02 4.857758e+00 1.016817e+00 8.593411e+00
-2.271165e+00 2.901524e-02 5.338802e+00 1.351647e+00 1.796917e+02
1.344861e+00 8.503441e-01 6.865215e+00 1.522765e+00 2.671331e+02
1.920514e-02 2.819239e-01 4.160254e+00 1.000781e+00 3.990880e-01
3.330685e-01 1.109345e+00 5.394992e+00 1.415483e+00 2.123120e+02
-1.318067e+00 1.885119e+00 4.796610e+00 1.311544e+00 1.591990e+02
1.222665e-01 1.463746e+00 3.713357e+00 1.409807e+00 2.094114e+02
-9.891570e-01 -1.539480e+00 5.355169e+00 1.307171e+00 1.569646e+02
1.662170e+00 3.227372e+00 4.982576e+00 4.087076e+00 1.577496e+03
6.940375e-01 1.259226e+00 5.168009e+00 1.308012e+00 1.573940e+02
-6.649861e-01 1.915342e-01 6.577707e+00 1.545182e+00 2.785879e+02
-7.088040e-01 5.186231e-01 4.161161e+00 1.390399e+00 1.994937e+02
5.514276e-01 -8.150573e-01 5.008860e+00 4.442853e+00 1.759298e+03
-2.823024e-01 -1.807651e+00 3.936979e+00 1.009672e+00 4.942139e+00
-2.102606e+00 4.989909e-01 4.652172e+00 1.377450e+00 1.928770e+02
2.291559e+00 3.142487e+00 5.009917e+00 4.071829e+00 1.569705e+03
-1.974149e+00 -6.311433e-01 4.892540e+00 1.359679e+00 1.837958e+02
1.854804e+00 3.396396e-01 5.000007e+00 4.484234e+00 1.780444e+03
2.918736e-01 -2.100076e+00 5.729705e+00 1.345104e+00 1.763482e+02
-8.544124e-02 -5.997694e-02 6.881845e+00 1.000035e+00 1.766179e-02
1.633948e+00 1.869434e+00 4.315330e+00 1.295850e+00 1.511793e+02
-1.186202e-02 1.587971e+00 5.238926e+00 1.408428e+00 2.087069e+02
1.668294e-01 2.381005e+00 4.953532e+00 4.101589e+00 1.584912e+03
4.848823e-01 3.231827e-01 4.326149e+00 1.461121e+00 2.356330e+02
-7.993961e-01 6.992337e-01 4.698632e+00 1.296143e+00 1.513289e+02
-2.171190e-01 7.777042e-01 4.040865e+00 1.509569e+00 2.603900e+02
-2.297872e+00 8.917246e-01 5.093491e+00 1.508056e+00 2.596165e+02
2.306224e+00 3.854944e-01 4.819621e+00 4.459060e+00 1.767580e+03
-1.720691e-01 -1.243250e+00 4.205120e+00 1.350179e+00 1.789415e+02
9.779752e-01 -3.690165e-01 4.192519e+00 1.390548e+00 1.995702e+02
-5.669789e-01 -1.106780e+00 4.235515e+00 1.446914e+00 2.283729e+02
-1.608219e-01 1.247936e+00 4.954003e+00 1.356956e+00 1.824045e+02
2.742620e-01 -8.834027e-01 4.251249e+00 2.129257e+00 5.770504e+02
-8.426712e-01 1.233914e+00 5.027999e+00 1.408885e+00 2.089401e+02
-1.439898e+00 -1.224737e+00 3.889118e+00 1.356746e+00 1.822974e+02
-5.579263e-01 1.531632e+00 5.686071e+00 1.500308e+00 2.556575e+02
-1.564715e+00 6.611919e-01 4.868642e+00 1.339619e+00 1.735455e+02
1.668834e+00 1.400790e+00 5.112743e+00 4.485788e+00 1.781238e+03
-1.356369e+00 -2.973076e-01 5.899643e+00 1.363214e+00 1.856024e+02
-2.032425e-01 -1.740987e+00 6.902795e+00 1.002721e+00 1.390507e+00
3.814654e-01 1.266030e+00 4.854846e+00 4.458679e+00 1.767385e+03
-1.092283e+00 -9.486209e-01 4.871985e+00 1.370841e+00 1.894997e+02
4.497181e-01 5.475448e-01 5.631966e+00 1.418893e+00 2.140546e+02
4.435105e+00 4.688102e-01 4.983369e+00 4.069313e+00 1.568419e+03
1.271277e+00 8.916490e-01 4.758665e+00 1.389391e+00 1.989788e+02
2.520816e+00 2.174544e-01 4.926794e+00 4.352936e+00 1.713350e+03
2.153207e-01 -5.771111e-01 4.134400e+00 1.002380e+00 1.216262e+00
2.428805e+00 7.096017e-01 5.052720e+00 4.456138e+00 1.766087e+03
-5.288946e-01 1.969868e+00 6.110038e+00 1.209707e+00 1.071600e+02
1.322870e+00 -2.352511e+00 4.926671e+00 4.069945e+00 1.568742e+03
2.873367e-01 -1.464217e+00 4.981938e+00 4.135818e+00 1.602403e+03
5.887278e-01 1.890237e+00 4.961415e+00 1.284444e+00 1.453507e+02
-1.285870e+00 9.736956e-01 3.208344e+00 1.004131e+00 2.110773e+00
1.166369e+00 3.081663e+00 5.074751e+00 4.112376e+00 1.590424e+03
1.538460e-01 -6.395551e-01 4.328061e+00 1.000762e+00 3.894735e-01
-1.899013e+00 7.184786e-01 4.688014e+00 1.253168e+00 1.293686e+02
9.623643e-01 -7.075166e-01 4.030488e+00 1.363435e+00 1.857153e+02
1.519842e+00 4.617618e-01 5.113285e+00 1.335397e+00 1.713880e+02
-1.862587e-01 -1.925274e-01 5.746965e+00 1.001109e+00 5.665631e-01
-5.921681e-01 1.304192e+00 4.462527e+00 1.308276e+00 1.575292e+02
1.428707e+00 4.198714e-01 5.509427e+00 1.356908e+00 1.823802e+02
1.968711e+00 1.157214e+00 4.594691e+00 1.346062e+00 1.768376e+02
4.611734e-01 -1.016190e+00 6.000104e+00 1.472977e+00 2.416913e+02
5.195899e-01 -1.223939e+00 6.639841e+00 1.413130e+00 2.111095e+02
1.329933e+00 -1.505280e+00 4.820690e+00 1.144584e+00 7.388263e+01
1.646856e+00 -1.225198e+00 4.627728e+00 1.326185e+00 1.666805e+02
1.819827e-01 3.897840e-02 6.628920e+00 1.000300e+00 1.534677e-01
1.544894e+00 -1.750619e+00 4.066432e+00 1.420219e+00 2.147320e+02
-1.339661e+00 -8.553888e-01 6.391387e+00 1.402363e+00 2.056077e+02
1.345125e+00 -3.511969e-01 5.528145e+00 1.357059e+00 1.824574e+02
-1.545202e+00 1.875758e+00 5.034260e+00 1.355866e+00 1.818477e+02
5.159979e-02 -1.735528e+00 4.932111e+00 1.385390e+00 1.969343e+02
-1.212830e+00 3.759028e-01 5.580648e+00 1.439824e+00 2.247503e+02
1.535591e+00 8.771694e-01 4.195094e+00 1.527952e+00 2.697836e+02
3.491981e+00 2.309873e+00 4.953458e+00 4.131230e+00 1.600058e+03
1.215565e+00 5.411247e-01 5.334273e+00 4.495398e+00 1.786149e+03
1.282433e+00 -1.706248e+00 5.165114e+00 4.415768e+00 1.745457e+03
3.518451e+00 -1.465431e+00 5.086503e+00 4.081490e+00 1.574641e+03
-1.287843e+00 8.957613e-01 6.444395e+00 1.574634e+00 2.936377e+02
1.196972e+00 1.088618e+00 4.810916e+00 4.459868e+00 1.767992e+03
4.128940e+00 1.699587e+00 4.979799e+00 4.076347e+00 1.572013e+03
-3.653296e-01 1.570202e+00 5.154928e+00 1.416775e+00 2.129721e+02
1.389683e+00 4.700901e-01 4.860743e+00 4.475307e+00 1.775882e+03
-4.401274e-01 1.059039e+00 4.349581e+00 1.376022e+00 1.921473e+02
-6.481315e-01 1.055233e+00 5.110692e+00 4.069698e+00 1.568616e+03
1.097926e+00 2.617842e+00 4.996072e+00 4.482520e+00 1.779568e+03
-1.374700e+00 -1.033653e+00 5.301790e+00 1.342373e+00 1.749525e+02
-1.539637e+00 1.162532e+00 3.880160e+00 1.005021e+00 2.565762e+00
-1.478040e+00 1.019976e+00 5.132466e+00 1.385952e+00 1.972213e+02
-1.104032e+00 6.053718e-01 6.270668e+00 1.421778e+00 2.155288e+02
1.160065e+00 -8.994718e-01 5.172480e+00 1.390340e+00 1.994638e+02
-2.374391e+00 8.626444e-01 5.242098e+00 1.425202e+00 2.172783e+02
1.345241e+00 1.091339e+00 4.589821e+00 1.338261e+00 1.728516e+02
1.241490e+00 4.148503e-01 4.670804e+00 1.446164e+00 2.279900e+02
-1.613441e-01 2.225135e+00 4.163199e+00 1.398278e+00 2.035198e+02
-5.977441e-01 -4.248170e-01 6.684857e+00 1.454749e+00 2.323767e+02
-9.694470e-01 -3.251452e-01 5.734127e+00 1.371223e+00 1.896948e+02
2.405510e+00 -1.204515e-01 4.730676e+00 4.375932e+00 1.725101e+03
-2.028805e-01 -2.161919e-01 5.335099e+00 1.001784e+00 9.114747e-01
1.179891e+00 -1.804793e+00 4.667042e+00 1.384692e+00 1.965776e+02
1.119662e+00 -1.708462e+00 4.996574e+00 1.370035e+00 1.890880e+02
1.709497e-01 -4.833552e-01 3.601509e+00 1.000652e+00 3.330635e-01
1.330051e+00 1.189955e+00 5.817145e+00 1.363812e+00 1.859082e+02
3.230454e+00 -1.670667e+00 4.987773e+00 4.120523e+00 1.594587e+03
-9.453079e-01 1.453733e+00 5.708178e+00 1.305979e+00 1.563555e+02
-1.524232e+00 8.837878e-02 3.944487e+00 1.515594e+00 2.634685e+02
4.253372e-01 2.680986e-01 3.840847e+00 1.004550e+00 2.325125e+00
8.124146e-01 1.095678e+00 6.572154e+00 1.473437e+00 2.419262e+02
-2.328080e-01 7.586388e-01 4.392176e+00 1.428448e+00 2.189367e+02
2.477550e+00 3.188859e+00 4.952036e+00 4.080286e+00 1.574026e+03
1.722311e+00 6.618457e-01 3.608890e+00 1.422707e+00 2.160035e+02
-1.883285e+00 -4.833856e-01 6.420271e+00 1.007115e+00 3.635662e+00
1.657990e+00 1.617894e+00 4.533329e+00 1.346010e+00 1.768111e+02
1.342995e+00 -1.241748e+00 5.421399e+00 1.409913e+00 2.094653e+02
2.485497e+00 9.856066e-01 5.222330e+00 4.457379e+00 1.766721e+03
7.960827e-01 -1.202663e+00 4.418160e+00 1.307085e+00 1.569205e+02
8.930408e-01 -1.228390e+00 5.342567e+00 1.346121e+00 1.768678e+02
-9.992028e-01 -2.286585e-01 6.638565e+00 1.496653e+00 2.537897e+02
-6.965747e-02 -9.966022e-01 4.056514e+00 1.536272e+00 2.740351e+02
6.340282e-01 -3.222040e-01 5.755920e+00 1.440839e+00 2.252688e+02
-2.146130e+00 1.186088e+00 4.401667e+00 1.483997e+00 2.473225e+02
1.764525e+00 -8.090664e-01 4.843093e+00 4.472643e+00 1.774521e+03
7.203892e-01 1.071396e+00 5.164417e+00 1.377259e+00 1.927793e+02
-1.580700e+00 -5.215642e-01 4.544377e+00 1.294062e+00 1.502656e+02
9.133738e-01 1.868594e+00 5.026276e+00 4.438307e+00 1.756975e+03
1.690108e+00 -2.851048e-01 5.131941e+00 4.506512e+00 1.791828e+03
1.226989e+00 2.638887e-02 5.073365e+00 4.509902e+00 1.793560e+03
-3.399882e-01 1.823761e+00 5.007953e+00 4.101101e+00 1.584662e+03
1.366994e+00 5.192642e-01 5.432808e+00 4.460466e+00 1.768298e+03
1.809139e+00 6.364665e-01 4.893882e+00 4.520861e+00 1.799160e+03
-2.080636e-02 7.474166e-01 6.973004e+00 1.000507e+00 2.590343e-01
1.081727e+00 1.344687e+00 5.785069e+00 1.571776e+00 2.921777e+02
4.940442e-02 -2.006352e-01 4.804132e+00 1.004866e+00 2.486545e+00
-1.225054e+00 4.349231e-01 4.492359e+00 1.369894e+00 1.890159e+02
-1.049962e+00 9.838879e-01 4.665329e+00 1.390186e+00 1.993853e+02
2.128406e+00 2.149008e-01 4.625721e+00 1.404533e+00 2.067162e+02
-9.977977e-01 -2.227173e+00 4.457869e+00 1.383539e+00 1.959886e+02
-1.941765e+00 -5.090589e-01 5.754954e+00 1.318992e+00 1.630051e+02
-7.860484e-01 5.181951e-01 4.004142e+00 1.442956e+00 2.263503e+02
9.788938e-01 2.045115e+00 4.903084e+00 4.453071e+00 1.764519e+03
-7.041569e-01 8.310774e-02 5.815197e+00 1.001656e+00 8.461331e-01
1.322019e+00 9.272043e-01 6.135620e+00 1.537615e+00 2.747214e+02
2.696589e+00 -1.952076e+00 4.972045e+00 4.135446e+00 1.602213e+03
1.734057e+00 -3.827112e-02 5.294029e+00 1.396869e+00 2.027999e+02
8.681297e-01 -1.323385e+00 5.632031e+00 1.403614e+00 2.062469e+02
3.190862e+00 2.602849e+00 5.050415e+00 4.127654e+00 1.598231e+03
1.231961e+00 -2.363480e-01 5.114178e+00 4.512417e+00 1.794845e+03
-8.482143e-01 -1.327261e+00 4.488342e+00 1.449194e+00 2.295379e+02
1.095628e+00 1.240412e+00 5.355266e+00 1.002088e+00 1.067150e+00
2.246594e+00 -3.597439e-01 4.847263e+00 4.396692e+00 1.735710e+03
2.251134e+00 1.310970e+00 4.837322e+00 4.505833e+00 1.791481e+03
-2.508580e-01 -1.993183e-01 5.995403e+00 1.002096e+00 1.071242e+00
-1.895995e+00 -1.325259e+00 4.497641e+00 1.375152e+00 1.917027e+02
1.536084e+00 -1.257799e-01 6.222207e+00 1.401576e+00 2.052056e+02
2.066956e+00 -1.286734e+00 5.280211e+00 4.443077e+00 1.759413e+03
9.147762e-01 -1.093424e+00 4.132679e+00 1.422956e+00 2.161305e+02
9.515061e-01 -1.577238e-01 5.189876e+00 1.369918e+00 1.890283e+02
-2.108267e+00 -3.049979e-01 4.425721e+00 1.345716e+00 1.766611e+02
-1.426936e+00 -7.943857e-01 4.799110e+00 1.380235e+00 1.943001e+02
1.128789e+00 -1.392026e+00 4.684707e+00 1.387657e+00 1.980927e+02
2.714636e-02 9.009574e-01 4.008190e+00 1.001791e+00 9.149700e-01
1.768613e+00 3.215988e+00 5.030850e+00 4.062466e+00 1.564920e+03
-3.790306e-01 1.474851e+00 4.510517e+00 1.003919e+00 2.002657e+00
-7.873109e-02 -3.124199e-01 6.575719e+00 1.000047e+00 2.418027e-02
-9.790617e-01 1.355124e+00 4.597444e+00 1.302665e+00 1.546618e+02
2.213920e+00 -8.842018e-01 4.884533e+00 4.454937e+00 1.765473e+03
-9.659672e-01 5.415831e-01 3.965172e+00 1.443236e+00 2.264935e+02
1.285656e+00 1.254525e-01 5.352134e+00 4.528143e+00 1.802881e+03
-1.540956e-01 2.254317e-02 3.466226e+00 1.001523e+00 7.780953e-01
3.482654e-01 1.791616e+00 3.686143e+00 1.004688e+00 2.395382e+00
-6.334998e-01 -1.322118e+00 5.151830e+00 1.380654e+00 1.945142e+02
7.378031e-01 -1.871268e+00 5.026738e+00 4.104282e+00 1.586288e+03
1.866407e+00 2.789482e-01 4.493167e+00 1.393178e+00 2.009141e+02
-8.535316e-01 -9.754031e-01 4.145163e+00 1.381733e+00 1.950657e+02
-5.377237e-01 -5.506147e-01 5.089188e+00 4.092635e+00 1.580337e+03
-3.093867e-01 1.109505e+00 8.084545e+00 1.002604e+00 1.330485e+00
-1.410269e+00 -9.482247e-01 4.803290e+00 1.402941e+00 2.059028e+02
2.260890e+00 5.769741e-01 5.101999e+00 4.507684e+00 1.792426e+03
1.289551e+00 1.194907e-01 4.646081e+00 1.382645e+00 1.955317e+02
-9.623419e-01 7.759416e-01 4.132331e+00 1.416196e+00 2.126764e+02
4.593581e-01 -5.548602e-01 5.411600e+00 1.413357e+00 2.112254e+02
-7.256493e-01 -8.634583e-01 5.795770e+00 1.335729e+00 1.715577e+02
1.150943e+00 9.247106e-01 4.940099e+00 1.378552e+00 1.934403e+02
8.701483e-03 1.008358e+00 5.557704e+00 1.412817e+00 2.109497e+02
-9.838673e-01 1.418534e+00 4.517090e+00 1.358115e+00 1.829969e+02
4.231676e+00 1.104877e+00 5.090792e+00 4.108982e+00 1.588690e+03
-3.022071e-01 1.418996e+00 5.184488e+00 1.372703e+00 1.904513e+02
1.799257e+00 2.783321e-01 5.575801e+00 1.412571e+00 2.108239e+02
-1.240693e+00 -5.916916e-01 4.759785e+00 1.326171e+00 1.666732e+02
8.322543e-01 -2.253465e+00 4.081978e+00 1.375540e+00 1.919011e+02
-1.213584e+00 1.749067e+00 4.864577e+00 1.404573e+00 2.067370e+02
8.711569e-01 -1.242717e+00 4.932495e+00 1.387205e+00 1.978618e+02
-1.014331e+00 6.079599e-02 5.496243e+00 1.365688e+00 1.868666e+02
-4.769426e-01 1.231440e+00 4.840859e+00 1.001353e+00 6.911536e-01
6.112191e-01 -2.006942e+00 4.893959e+00 1.335631e+00 1.715072e+02
-4.544318e-01 1.481031e+00 5.024452e+00 1.397185e+00 2.029615e+02
-1.055851e+00 -4.756822e-02 5.885194e+00 1.432111e+00 2.208088e+02
1.785588e+00 7.456706e-01 4.897744e+00 4.485154e+00 1.780914e+03
-1.188801e+00 6.801371e-02 5.586613e+00 1.511885e+00 2.615733e+02
1.704668e-01 -8.604207e-01 4.279577e+00 1.351113e+00 1.794185e+02
-7.869473e-02 -4.246722e-01 5.948097e+00 1.000850e+00 4.343931e-01
2.443925e-02 -5.955513e-01 5.517981e+00 1.000083e+00 4.264133e-02
-7.633503e-01 -7.039499e-01 3.512102e+00 1.000255e+00 1.301791e-01
-2.444617e-01 1.060251e+00 4.308589e+00 1.364451e+00 1.862342e+02
-6.661680e-01 9.481773e-01 5.598371e+00 1.414865e+00 2.119961e+02
6.564662e-01 -1.700335e+00 5.327142e+00 1.333563e+00 1.704504e+02
-8.409091e-01 6.364865e-01 5.031848e+00 4.062415e+00 1.564894e+03
2.887917e+00 -2.159017e+00 5.055643e+00 4.063102e+00 1.565245e+03
-9.875644e-01 4.246054e-01 4.013342e+00 1.468676e+00 2.394933e+02
8.890966e-01 -1.134453e+00 3.961851e+00 1.000300e+00 1.530634e-01
-1.974292e+00 4.098061e-01 4.445658e+00 1.508535e+00 2.598615e+02
2.230543e+00 2.002330e-01 5.147603e+00 4.483177e+00 1.779903e+03
-6.347046e-01 1.128344e+00 5.032870e+00 4.104104e+00 1.586197e+03
1.399308e-01 2.024325e+00 5.316406e+00 1.102651e+00 5.245479e+01
3.766731e-01 -5.560888e-01 4.457773e+00 1.433874e+00 2.217094e+02
1.751299e+00 -2.054475e+00 4.972619e+00 4.080013e+00 1.573886e+03
9.508028e-01 -2.269447e-01 3.767870e+00 1.395125e+00 2.019089e+02
-8.403507e-01 1.063224e+00 4.073902e+00 1.000766e+00 3.914975e-01
-6.871402e-01 3.598030e-01 5.028919e+00 4.102440e+00 1.585347e+03
7.257844e-01 -1.521479e+00 4.189526e+00 1.381714e+00 1.950556e+02
-2.115558e+00 -7.405375e-02 5.568723e+00 1.399537e+00 2.041633e+02
-1.617061e-01 1.483365e+00 4.079463e+00 1.006640e+00 3.393291e+00
-1.018869e+00 -1.487985e+00 5.145967e+00 1.415453e+00 2.122963e+02
1.896488e+00 -1.141106e+00 5.660065e+00 1.481239e+00 2.459132e+02
1.668228e+00 -4.767382e-01 3.322100e+00 1.409142e+00 2.090716e+02
3.003083e-01 1.758626e-01 4.625876e+00 1.001519e+00 7.763097e-01
1.856388e-01 1.121016e-02 4.106478e+00 1.007114e+00 3.635252e+00
9.737862e-01 -5.242354e-01 4.643613e+00 4.455381e+00 1.765699e+03
-8.413706e-01 1.072618e+00 4.932885e+00 1.575598e+00 2.941306e+02
-1.428567e+00 -5.102991e-01 4.416362e+00 1.362753e+00 1.853667e+02
5.988453e-01 1.220787e+00 6.071042e+00 1.406732e+00 2.078401e+02
-1.115577e+00 -3.353605e-01 5.627730e+00 1.412413e+00 2.107431e+02
-1.318364e+00 -1.022543e-01 3.640732e+00 1.007677e+00 3.922693e+00
-4.333164e-01 -3.112323e-01 5.021015e+00 4.138295e+00 1.603669e+03
-1.551031e+00 5.898899e-01 4.632389e+00 1.339255e+00 1.733593e+02
1.252161e+00 2.138891e+00 4.972957e+00 4.498971e+00 1.787974e+03
-1.390707e+00 1.590172e+00 5.484941e+00 1.379801e+00 1.940785e+02
1.615763e+00 -1.241277e+00 4.145171e+00 1.304370e+00 1.555333e+02
4.981398e-01 -5.272466e-01 4.631747e+00 1.001533e+00 7.835752e-01
-4.568816e-01 -1.082274e+00 6.257334e+00 1.430425e+00 2.199471e+02
1.239420e+00 -1.528800e+00 3.517628e+00 1.012610e+00 6.443671e+00
-1.966207e+00 4.528515e-01 4.852244e+00 1.396561e+00 2.026425e+02
2.358064e+00 3.780611e-01 4.910957e+00 4.530376e+00 1.804022e+03
-1.058471e+00 1.051230e+00 4.695859e+00 1.413846e+00 2.114752e+02
-1.551879e+00 -1.104061e+00 4.722741e+00 1.349715e+00 1.787045e+02
1.776435e+00 1.454693e+00 4.532381e+00 1.332937e+00 1.701309e+02
1.554061e+00 -3.118140e-02 4.476772e+00 1.890001e+00 4.547903e+02
1.276774e+00 1.363335e+00 5.421183e+00 1.391197e+00 1.999016e+02
-2.068212e+00 2.677801e-01 4.822678e+00 1.347584e+00 1.776152e+02
-6.729318e-01 -1.080019e+00 4.958919e+00 1.337831e+00 1.726314e+02
-8.463517e-01 6.356018e-01 5.979057e+00 1.433798e+00 2.216710e+02
-5.860124e-01 7.598263e-01 4.470919e+00 1.412935e+00 2.110098e+02
-6.708630e-01 1.134314e+00 2.802575e+00 1.001341e+00 6.853977e-01
1.363199e+00 -5.139325e-01 4.811670e+00 1.435852e+00 2.227205e+02
2.779264e-01 4.471596e-01 4.407322e+00 1.001153e+00 5.890364e-01
3.796877e-01 1.072438e-01 5.694534e+00 1.000926e+00 4.730516e-01
2.055876e+00 1.165567e+00 4.826976e+00 4.436505e+00 1.756054e+03
2.861481e-01 -1.728255e+00 5.358742e+00 1.006553e+00 3.348835e+00
1.331241e+00 9.308229e-01 5.034403e+00 1.305846e+00 1.562872e+02
-9.296822e-01 1.572563e+00 4.839967e+00 1.363134e+00 1.855614e+02
6.929899e-01 1.845849e+00 4.459805e+00 1.323586e+00 1.653523e+02
1.826916e+00 4.093866e-01 5.228826e+00 4.488913e+00 1.782835e+03
1.439888e+00 -1.851455e-01 5.244015e+00 4.462589e+00 1.769383e+03
1.495774e+00 -1.032559e-01 5.763431e+00 1.451335e+00 2.306324e+02
6.927062e-01 -7.525632e-01 4.952346e+00 1.361103e+00 1.845238e+02
1.277964e+00 2.842342e+00 4.946479e+00 4.101231e+00 1.584729e+03
-4.940188e-01 -5.680798e-01 5.123356e+00 1.512042e+00 2.616535e+02
2.878257e-01 -1.918599e+00 4.904678e+00 1.357288e+00 1.825741e+02
8.811601e-01 -1.640544e+00 5.844361e+00 1.363523e+00 1.857602e+02
-6.797347e-01 -9.737634e-01 4.186489e+00 1.382851e+00 1.956368e+02
1.752421e+00 6.858612e-01 5.381683e+00 4.488169e+00 1.782454e+03
1.479471e+00 1.797410e+00 4.567588e+00 1.413790e+00 2.114465e+02
2.376599e+00 -7.762132e-01 5.275372e+00 1.489477e+00 2.501229e+02
1.026705e+00 -8.995434e-01 4.660209e+00 1.453595e+00 2.317868e+02
-1.411091e+00 -6.954877e-01 4.982150e+00 1.017853e+00 9.122811e+00
-1.410839e+00 4.733217e-01 4.704674e+00 1.356775e+00 1.823119e+02
-1.475774e+00 -9.060168e-01 5.072663e+00 1.339647e+00 1.735597e+02
-6.847432e-01 -4.713542e-01 4.812034e+00 1.392290e+00 2.004602e+02
-3.425218e-01 -1.612318e+00 4.221060e+00 1.372950e+00 1.905773e+02
4.410190e+00 -4.436102e-02 5.015468e+00 4.068366e+00 1.567935e+03
4.341748e+00 -2.020830e-01 4.983394e+00 4.075229e+00 1.571442e+03
1.015858e+00 1.199114e+00 3.897137e+00 1.555083e+00 2.836472e+02
-1.190799e+00 1.304803e+00 5.707529e+00 1.351696e+00 1.797166e+02
-5.027671e-01 1.134031e+00 3.429654e+00 1.353249e+00 1.805105e+02
-8.131848e-01 6.875804e-01 3.726223e+00 1.449246e+00 2.295645e+02
-3.042273e-01 -2.342741e+00 5.988116e+00 1.512628e+00 2.619528e+02
2.403396e+00 -1.056268e+00 4.884077e+00 4.518605e+00 1.798007e+03
1.694851e+00 6.817049e-01 4.347052e+00 1.293589e+00 1.500238e+02
-8.791264e-01 -1.139346e+00 5.085851e+00 1.409193e+00 2.090978e+02
2.170662e+00 -6.356609e-01 4.952009e+00 1.411150e+00 2.100979e+02
-1.070338e+00 1.062100e+00 5.833141e+00 1.326931e+00 1.670616e+02
1.276768e+00 -1.782095e+00 5.631687e+00 1.344257e+00 1.759156e+02
-1.288763e+00 1.566576e+00 4.933844e+00 1.342607e+00 1.750720e+02
1.778509e+00 1.058926e-01 4.896406e+00 4.477406e+00 1.776954e+03
-1.093627e+00 -1.531426e+00 5.663227e+00 1.335315e+00 1.713461e+02
-3.221120e-01 1.267458e-01 6.496772e+00 1.001385e+00 7.076216e-01
-2.062104e-01 4.830194e-02 5.131387e+00 1.001712e+00 8.746887e-01
-6.743057e-01 1.623206e+00 5.712899e+00 1.004676e+00 2.389658e+00
-1.221139e+00 4.349037e-01 4.539328e+00 1.300325e+00 1.534660e+02
-1.719396e+00 -2.331296e-01 5.175376e+00 1.165921e+00 8.478582e+01
-6.207755e-01 1.118029e+00 4.051340e+00 1.496423e+00 2.536722e+02
1.507293e-01 -9.257633e-01 4.132267e+00 1.425297e+00 2.173267e+02
1.886520e+00 1.300523e+00 5.201568e+00 4.467477e+00 1.771881e+03
2.096984e+00 -7.083243e-01 5.014181e+00 4.452533e+00 1.764245e+03
1.034245e+00 -8.474406e-01 4.783991e+00 1.404870e+00 2.068887e+02
4.229377e-01 1.782295e+00 4.990037e+00 1.421241e+00 2.152541e+02
-1.708311e+00 1.342675e+00 5.363809e+00 1.360372e+00 1.841498e+02
1.317100e+00 -9.852971e-01 4.380051e+00 1.318134e+00 1.625667e+02
4.333549e+00 -9.101689e-02 5.057112e+00 4.090940e+00 1.579471e+03
1.768315e+00 6.538191e-01 4.487697e+00 4.478689e+00 1.777610e+03
1.452900e+00 -5.873408e-01 5.393902e+00 4.462602e+00 1.769389e+03
-8.508884e-01 8.120086e-01 4.592458e+00 1.344035e+00 1.758017e+02
7.157658e-01 2.225574e+00 5.264682e+00 1.320470e+00 1.637603e+02
-5.472838e-01 -1.605178e+00 4.504208e+00 1.391810e+00 2.002148e+02
1.547647e+00 9.313921e-01 4.329374e+00 1.518364e+00 2.648842e+02
-1.081900e-02 -1.554138e-01 5.151381e+00 1.000621e+00 3.171859e-01
1.141844e+00 1.468967e+00 5.355433e+00 1.342866e+00 1.752045e+02
2.361380e+00 9.996876e-01 4.699384e+00 1.354760e+00 1.812821e+02
-1.804348e-01 9.456149e-01 4.328821e+00 1.449605e+00 2.297480e+02
1.334160e+00 5.088571e-01 4.902505e+00 1.310032e+00 1.584262e+02
1.627157e+00 1.449532e+00 4.865870e+00 4.512423e+00 1.794848e+03
-2.230424e+00 -6.435351e-01 5.220824e+00 1.536419e+00 2.741099e+02
-1.235446e+00 -3.756327e-02 6.836583e+00 1.499788e+00 2.553918e+02
-9.959959e-01 2.062530e-01 4.033943e+00 1.386015e+00 1.972536e+02
2.708300e+00 5.037840e-01 5.527015e+00 4.456439e+00 1.766240e+03
-1.727730e+00 4.374279e-01 5.405444e+00 1.647613e+00 3.309301e+02
1.030327e+00 1.156630e+00 4.629339e+00 1.476350e+00 2.434148e+02
-7.796113e-01 1.105527e+00 4.067290e+00 1.417584e+00 2.133857e+02
3.233784e-02 -1.409788e+00 5.017427e+00 4.090998e+00 1.579500e+03
1.575893e+00 1.791183e+00 5.408444e+00 1.388619e+00 1.985841e+02
1.910218e+00 -4.184735e-01 5.280953e+00 4.490436e+00 1.783613e+03
7.001332e-02 8.839766e-01 5.185021e+00 1.438060e+00 2.238488e+02
-8.312098e-01 -3.644199e-01 4.162677e+00 1.429056e+00 2.192476e+02
1.047981e+00 -1.061954e+00 5.478555e+00 1.335609e+00 1.714962e+02
9.934264e-01 9.821391e-01 4.797429e+00 1.419878e+00 2.145577e+02
1.147769e+00 -1.080306e+00 5.067412e+00 1.391112e+00 1.998584e+02
2.086258e+00 1.118664e+00 4.897005e+00 1.390214e+00 1.993994e+02
-6.110374e-01 -1.113868e+00 5.935046e+00 1.362841e+00 1.854120e+02
-2.712153e-01 1.547733e+00 4.895859e+00 4.093734e+00 1.580898e+03
-7.134052e-02 -1.539880e+00 6.425819e+00 1.004863e+00 2.485146e+00
6.950883e-01 1.519818e+00 5.214804e+00 1.322820e+00 1.649609e+02
1.443086e+00 2.895649e-01 6.234718e+00 1.410946e+00 2.099932e+02
-5.136272e-01 8.659595e-01 4.326494e+00 1.480888e+00 2.457336e+02
8.496746e-01 -1.478593e+00 5.577977e+00 1.398500e+00 2.036335e+02
3.978355e+00 -5.928115e-01 4.989550e+00 4.134189e+00 1.601571e+03
3.483829e-01 2.182254e+00 5.017238e+00 1.486527e+00 2.486152e+02
-1.845633e+00 -7.147980e-02 4.700667e+00 1.304599e+00 1.556501e+02
-2.291063e+00 -2.843676e-02 4.653597e+00 1.485758e+00 2.482225e+02
-1.436829e-01 -4.948403e-01 6.028964e+00 1.000614e+00 3.139141e-01
9.660836e-01 7.188739e-01 4.646353e+00 4.485039e+00 1.780855e+03
2.515236e+00 9.311608e-02 4.986293e+00 4.515743e+00 1.796545e+03
1.345431e+00 1.497645e-05 4.429329e+00 1.396915e+00 2.028236e+02
-7.945531e-01 4.459032e-01 3.539631e+00 1.455370e+00 2.326942e+02
-5.858348e-01 -2.932735e-01 3.856195e+00 1.478608e+00 2.445688e+02
7.500207e-01 1.259028e+00 4.245089e+00 1.379622e+00 1.939869e+02
1.555160e+00 -1.870775e-01 4.297483e+00 1.247727e+00 1.265886e+02
-1.259147e+00 -7.761135e-01 5.026472e+00 1.429602e+00 2.195268e+02
-1.287892e+00 3.184066e-03 4.478935e+00 1.376009e+00 1.921407e+02
1.142501e+00 1.593978e+00 5.201433e+00 1.352259e+00 1.800042e+02
1.528911e+00 5.549923e-01 5.194269e+00 4.392537e+00 1.733586e+03
1.391958e+00 -4.639084e-01 4.943334e+00 4.513624e+00 1.795462e+03
-5.384278e-02 -2.194771e-01 3.793809e+00 1.004021e+00 2.054897e+00
1.046865e+00 5.250007e-01 4.165856e+00 1.473520e+00 2.419688e+02
-7.338544e-01 -1.293029e+00 5.011243e+00 1.353266e+00 1.805191e+02
1.314154e+00 -1.498887e+00 6.503161e+00 1.382603e+00 1.955100e+02
1.238698e+00 6.642351e-01 5.469978e+00 4.508191e+00 1.792686e+03
1.718889e+00 1.504475e-01 4.900446e+00 4.498437e+00 1.787701e+03
5.989340e-01 1.595903e+00 2.949041e+00 1.002748e+00 1.404123e+00
-3.442134e-02 1.176834e+00 5.870410e+00 1.004859e+00 2.482943e+00
-3.569012e-01 -7.091750e-01 4.566466e+00 1.478941e+00 2.447389e+02
1.184879e+00 -2.100525e-01 5.327241e+00 1.469713e+00 2.400234e+02
-9.912036e-01 1.156041e+00 4.916336e+00 1.428002e+00 2.187088e+02
-1.227189e+00 4.962871e-01 4.531309e+00 1.387731e+00 1.981303e+02
4.851498e-01 -5.192264e-01 5.187110e+00 1.421880e+00 2.155805e+02
-1.026854e+00 8.033262e-01 4.671484e+00 1.290624e+00 1.485089e+02
-7.020803e-01 -1.336921e+00 6.467321e+00 1.578669e+00 2.956998e+02
9.646667e-01 3.556437e-01 5.334965e+00 1.394083e+00 2.013765e+02
-1.481662e+00 -9.017543e-01 4.191194e+00 1.322778e+00 1.649397e+02
-1.167120e+00 -4.203208e-02 3.945943e+00 1.399754e+00 2.042741e+02
-3.784215e-01 -1.054859e-01 4.891110e+00 1.000638e+00 3.260579e-01
1.071366e+00 1.689679e+00 5.771486e+00 1.369527e+00 1.888284e+02
2.179655e+00 -2.015537e-01 5.541176e+00 1.387565e+00 1.980458e+02
-1.071872e+00 5.267629e-02 4.196383e+00 1.005971e+00 3.051016e+00
3.303239e-01 -2.989629e-01 5.887034e+00 1.001140e+00 5.823448e-01
-1.737035e+00 3.420574e-01 4.691663e+00 1.346306e+00 1.769622e+02
1.159909e+00 3.926122e-01 4.958213e+00 4.437165e+00 1.756391e+03
2.543918e+00 -6.663736e-01 4.874431e+00 4.504966e+00 1.791037e+03
1.375795e+00 -5.534335e-01 4.531808e+00 1.363532e+00 1.857650e+02
-9.772021e-01 -3.782202e-01 4.874410e+00 1.389985e+00 1.992824e+02
4.012270e-02 -1.842092e+00 4.076665e+00 1.443588e+00 2.266735e+02
-1.566912e+00 -3.841460e-01 6.471321e+00 1.415635e+00 2.123894e+02
-8.813074e-01 -1.591389e-01 5.613563e+00 1.009789e+00 5.001930e+00
-4.016738e-01 -3.812560e-01 4.729392e+00 1.005221e+00 2.667763e+00
1.338270e+00 5.691688e-01 5.312524e+00 1.301291e+00 1.539596e+02
1.090140e+00 1.473228e+00 5.658563e+00 1.456377e+00 2.332084e+02
-8.180734e-01 -1.563107e+00 4.400664e+00 1.315078e+00 1.610049e+02
-1.944232e+00 1.667091e-01 5.191044e+00 1.298892e+00 1.527336e+02
-6.625165e-01 1.155304e+00 5.034668e+00 4.090582e+00 1.579287e+03
1.824962e+00 1.004420e+00 5.084854e+00 1.320550e+00 1.638008e+02
6.544031e-01 -5.080489e-01 5.207035e+00 1.374710e+00 1.914769e+02
2.191884e+00 9.712442e-01 5.000331e+00 4.496940e+00 1.786936e+03
-1.584804e+00 1.070767e-01 4.072045e+00 1.417105e+00 2.131404e+02
1.346348e+00 1.038543e+00 4.826011e+00 1.012182e+00 6.224774e+00
-2.472918e-01 2.239094e+00 4.937722e+00 4.105452e+00 1.586886e+03
2.011343e+00 -4.621730e-01 4.168893e+00 1.373926e+00 1.910764e+02
-3.620060e-02 1.679115e+00 4.446055e+00 1.459715e+00 2.349146e+02
-5.720866e-02 5.523655e-01 4.023321e+00 1.003885e+00 1.985305e+00
2.540000e+00 6.877958e-01 5.183989e+00 4.499420e+00 1.788203e+03
1.942782e+00 3.838632e-01 4.935457e+00 4.526493e+00 1.802038e+03
3.090937e+00 2.584733e+00 5.095639e+00 4.104212e+00 1.586252e+03
-3.348199e-02 1.174576e+00 4.861165e+00 1.425792e+00 2.175796e+02
-1.148268e+00 -5.064652e-01 6.048538e+00 1.407445e+00 2.082046e+02
-9.367783e-01 -1.795548e+00 5.137704e+00 1.357995e+00 1.829356e+02
8.098145e-01 1.064511e+00 6.708457e+00 1.460986e+00 2.355636e+02
1.524056e+00 6.394498e-01 4.868760e+00 1.006799e+00 3.474490e+00
-1.145484e+00 -4.889455e-01 5.946692e+00 1.442659e+00 2.261989e+02
-1.525340e-01 1.697524e+00 5.497653e+00 1.588058e+00 3.004977e+02
3.194927e-01 -4.234258e-01 5.602999e+00 1.776867e+00 3.969790e+02
-7.121278e-01 6.586521e-01 4.301930e+00 1.487648e+00 2.491879e+02
1.150897e-01 6.512438e-01 5.013367e+00 1.575321e+00 2.939890e+02
4.144463e-01 -1.285325e+00 5.268280e+00 1.003678e+00 1.879709e+00
-1.270771e+00 1.013648e+00 5.866028e+00 1.417528e+00 2.133567e+02
9.664974e-01 9.151612e-01 4.773562e+00 1.382347e+00 1.953795e+02
1.132941e+00 1.792418e+00 4.562721e+00 1.373299e+00 1.907556e+02
-7.249569e-01 7.340541e-01 5.235473e+00 1.363056e+00 1.855218e+02
-1.412847e+00 -8.621898e-01 4.336080e+00 1.331424e+00 1.693575e+02
-1.328684e+00 -1.021011e+00 4.796930e+00 1.370211e+00 1.891779e+02
2.000736e+00 3.375378e-01 5.284148e+00 4.485853e+00 1.781271e+03
-1.403035e+00 6.442423e-01 3.704357e+00 1.426024e+00 2.176982e+02
1.912628e+00 1.047269e-01 4.880716e+00 4.488755e+00 1.782754e+03
1.287541e+00 3.226378e-01 4.765877e+00 1.321695e+00 1.643860e+02
-4.850677e-02 1.344791e+00 5.727213e+00 1.393298e+00 2.009751e+02
8.791166e-01 6.181593e-01 6.382694e+00 1.843569e+00 4.310639e+02
-5.983828e-01 -1.841912e+00 5.279606e+00 1.310068e+00 1.584448e+02
-1.539668e+00 6.402500e-01 4.914903e+00 1.291114e+00 1.487590e+02
9.112567e-01 -9.180468e-01 5.579274e+00 1.505371e+00 2.582446e+02
1.478889e+00 1.613110e+00 5.372820e+00 4.447877e+00 1.761865e+03
-1.200973e-01 -7.101839e-01 5.247572e+00 1.395813e+00 2.022603e+02
4.341426e-01 1.186187e+00 6.097113e+00 1.457314e+00 2.336874e+02
-7.774323e-01 7.853077e-01 4.961835e+00 1.433744e+00 2.216432e+02
-1.325227e+00 1.305644e+00 4.793662e+00 1.422618e+00 2.159579e+02
-4.483228e-01 7.128192e-01 4.344784e+00 1.532905e+00 2.723144e+02
1.140233e+00 -5.797744e-01 5.287247e+00 1.395506e+00 2.021035e+02
2.494059e+00 -5.757849e-01 4.813762e+00 4.455323e+00 1.765670e+03
-1.712752e+00 1.748776e+00 5.714019e+00 1.282666e+00 1.444425e+02
-2.053322e+00 -6.329801e-02 5.306905e+00 1.349081e+00 1.783805e+02
-1.747340e+00 2.208506e-01 5.143920e+00 1.477890e+00 2.442016e+02
-5.526299e-01 -2.265045e+00 5.838473e+00 1.305406e+00 1.560627e+02
-2.037298e-01 -3.921584e-01 4.887608e+00 1.000861e+00 4.401673e-01
-7.613535e-01 9.207177e-01 5.043507e+00 4.073485e+00 1.570551e+03
1.043349e+00 7.192058e-01 4.381097e+00 1.467808e+00 2.390497e+02
-6.587856e-01 4.271002e-01 3.971637e+00 1.424461e+00 2.168997e+02
9.005153e-01 5.843545e-01 5.038990e+00 1.459270e+00 2.346870e+02
-1.212355e+00 3.077800e-01 4.767033e+00 1.315968e+00 1.614599e+02
3.428234e-01 1.261702e+00 5.146431e+00 1.384626e+00 1.965436e+02
-1.735367e+00 -9.841775e-01 4.593086e+00 1.011332e+00 5.790555e+00
1.592605e+00 -3.862623e-01 3.356920e+00 1.398811e+00 2.037925e+02
1.069163e+00 1.926991e-02 4.200352e+00 1.490323e+00 2.505548e+02
-9.692895e-01 9.884636e-01 5.568716e+00 1.380348e+00 1.943576e+02
1.870976e+00 -2.083393e+00 4.975317e+00 4.125605e+00 1.597184e+03
1.499589e+00 1.390610e-01 5.043981e+00 1.382565e+00 1.954906e+02
1.389693e+00 6.069164e-01 4.959526e+00 1.411127e+00 2.100859e+02
-2.979043e-01 -1.102614e+00 4.185315e+00 1.588490e+00 3.007183e+02
3.533198e+00 -1.623083e+00 5.023335e+00 4.070285e+00 1.568916e+03
-3.581838e-01 2.268740e+00 4.792449e+00 1.482254e+00 2.464317e+02
5.628024e-01 1.488221e+00 4.016188e+00 1.362249e+00 1.851091e+02
4.630929e-01 9.254799e-01 5.228224e+00 1.416581e+00 2.128727e+02
1.349299e+00 8.213863e-01 5.484092e+00 1.224391e+00 1.146636e+02
-1.727040e+00 -2.001554e-01 4.441353e+00 1.410627e+00 2.098305e+02
-2.538402e+00 7.265242e-01 5.184607e+00 1.436364e+00 2.229819e+02
-1.245558e-01 3.837123e-01 3.977584e+00 1.000864e+00 4.413724e-01
7.151418e-01 1.880296e+00 5.125649e+00 1.368206e+00 1.881535e+02
1.031533e+00 -3.880696e-01 5.420987e+00 1.496503e+00 2.537130e+02
5.330475e-01 1.344877e+00 3.946248e+00 1.000784e+00 4.005642e-01
2.322183e+00 5.223692e-01 4.503882e+00 1.352484e+00 1.801193e+02
5.877547e-01 -5.142605e-01 1.023058e+00 1.000731e+00 3.737797e-01
3.998843e-01 2.481059e+00 5.096564e+00 1.488262e+00 2.495017e+02
4.916590e-01 -1.629684e+00 5.063087e+00 1.322597e+00 1.648473e+02
-3.524358e-01 -1.665666e+00 5.394089e+00 1.397641e+00 2.031945e+02
9.972003e-01 4.006511e-02 5.329948e+00 4.436240e+00 1.755919e+03
-2.165326e-01 2.040159e+00 5.505502e+00 1.363560e+00 1.857792e+02
-1.641915e-01 1.263010e+00 6.279697e+00 1.000753e+00 3.847513e-01
-4.865487e-01 1.980198e+00 4.576760e+00 1.383757e+00 1.960997e+02
1.984202e+00 1.212008e+00 4.216813e+00 1.340141e+00 1.738120e+02
-1.548739e-01 1.422010e+00 4.759007e+00 1.451363e+00 2.306467e+02
4.659719e-01 1.639522e+00 5.338203e+00 1.389692e+00 1.991327e+02
1.513009e+00 -4.344018e-01 4.828597e+00 4.447571e+00 1.761709e+03
-4.784087e-01 -6.428163e-01 3.878007e+00 1.550537e+00 2.813242e+02
1.537179e+00 -2.380391e-01 4.977391e+00 4.405512e+00 1.740217e+03
-3.805267e-01 8.326157e-01 4.828971e+00 1.003400e+00 1.737298e+00
-1.853971e+00 5.826843e-02 5.881234e+00 1.466703e+00 2.384854e+02
9.089206e-02 1.460173e+00 5.444157e+00 1.437554e+00 2.235901e+02
2.786979e+00 -2.011713e+00 4.994401e+00 4.093691e+00 1.580876e+03
-8.255995e-01 -4.171261e-01 4.760040e+00 1.437683e+00 2.236562e+02
5.963335e-01 -1.418075e+00 5.581906e+00 1.304511e+00 1.556049e+02
1.667457e+00 5.263593e-01 4.831519e+00 4.508878e+00 1.793037e+03
2.965311e+00 -2.109980e+00 5.076246e+00 4.065279e+00 1.566357e+03
6.218784e-01 -1.299840e+00 6.941120e+00 1.002600e+00 1.328641e+00
-1.601790e+00 1.203645e+00 4.690305e+00 1.301811e+00 1.542254e+02
3.217700e-01 -1.661994e+00 4.962489e+00 1.508484e+00 2.598352e+02
-2.292683e+00 -1.593644e-01 5.686952e+00 1.357831e+00 1.828514e+02
-1.843763e-01 -5.322728e-01 2.317581e+00 1.559187e+00 2.857443e+02
-9.312575e-01 -1.603627e+00 5.034565e+00 1.390257e+00 1.994211e+02
-1.198057e+00 -1.339682e+00 6.459549e+00 1.006792e+00 3.470518e+00
-4.804318e-01 1.254791e+00 2.647751e+00 1.000302e+00 1.542722e-01
1.038490e+00 7.320987e-01 3.785391e+00 1.430152e+00 2.198077e+02
-2.258703e-01 -1.434141e+00 4.408549e+00 1.441257e+00 2.254824e+02
-1.317411e+00 -4.248804e-01 5.079917e+00 1.331494e+00 1.693935e+02
-7.716711e-01 -7.211342e-01 5.035142e+00 1.376318e+00 1.922985e+02
1.517565e+00 -5.176680e-01 5.366566e+00 1.334784e+00 1.710747e+02
6.874403e-01 9.808439e-01 4.927179e+00 1.476393e+00 2.434370e+02
1.479376e+00 8.301689e-01 4.146817e+00 1.427722e+00 2.185658e+02
-1.397725e+00 2.048366e+00 4.464153e+00 1.407106e+00 2.080309e+02
1.865210e+00 -1.153015e+00 5.192672e+00 1.250088e+00 1.277949e+02
-2.498081e+00 5.309654e-01 4.932972e+00 1.416752e+00 2.129605e+02
-5.539862e-01 1.102790e+00 5.651367e+00 1.331679e+00 1.694881e+02
-1.534195e+00 -1.472746e+00 5.373683e+00 1.362718e+00 1.853491e+02
2.375333e+00 1.741961e-02 4.988185e+00 4.468504e+00 1.772406e+03
6.778453e-01 -3.877420e-01 3.791775e+00 1.415531e+00 2.123363e+02
1.615749e+00 -9.259372e-01 4.877905e+00 4.465158e+00 1.770696e+03
1.113120e+00 6.860818e-02 4.690725e+00 1.427995e+00 2.187055e+02
9.485911e-01 -1.311750e+00 4.607109e+00 1.514458e+00 2.628879e+02
-1.306140e+00 6.218951e-01 6.518705e+00 1.002202e+00 1.124972e+00
1.510038e+00 3.091297e+00 5.004662e+00 4.115938e+00 1.592244e+03
8.432141e-01 -6.266171e-01 5.060261e+00 1.406201e+00 2.075689e+02
1.354595e+00 -6.709943e-02 8.697339e+00 1.002228e+00 1.138734e+00
1.570687e+00 -9.388300e-02 5.336627e+00 1.358649e+00 1.832697e+02
-8.352965e-01 6.770706e-01 3.669918e+00 1.429479e+00 2.194637e+02
1.205339e+00 -3.076201e-01 5.241025e+00 1.387156e+00 1.978365e+02
9.407241e-03 -1.027667e+00 4.865892e+00 1.406054e+00 2.074937e+02
1.155425e+00 -5.648130e-01 6.783529e+00 1.001081e+00 5.522925e-01
6.219869e-01 1.461853e+00 5.043194e+00 1.425695e+00 2.175303e+02
-8.084649e-01 1.061219e+00 4.986858e+00 4.059959e+00 1.563639e+03
-1.492810e+00 1.119706e+00 5.494245e+00 1.312649e+00 1.597635e+02
7.242671e-01 -1.615144e+00 4.823255e+00 1.323664e+00 1.653921e+02
-1.256172e+00 4.458172e-02 4.976366e+00 1.395109e+00 2.019005e+02
-1.337576e+00 -8.909736e-01 4.493368e+00 1.004213e+00 2.152711e+00
1.022058e+00 -1.853453e+00 5.781592e+00 1.285111e+00 1.456915e+02
1.410468e+00 1.799677e+00 5.473124e+00 1.370479e+00 1.893146e+02
8.999244e-01 -8.742322e-01 4.784996e+00 1.403820e+00 2.063519e+02
-5.581091e-02 -1.386016e+00 1.884552e+00 1.001437e+00 7.343202e-01
4.034026e-01 1.041990e+00 5.126345e+00 1.371280e+00 1.897242e+02
4.184806e+00 1.680506e+00 5.017332e+00 4.075949e+00 1.571810e+03
-1.556089e+00 6.373263e-01 4.739999e+00 1.433058e+00 2.212926e+02
1.743682e+00 -3.075426e-01 5.082663e+00 1.356387e+00 1.821135e+02
-2.852011e-01 -1.803890e+00 5.203870e+00 1.159636e+00 8.157412e+01
-6.297931e-01 5.360286e-01 4.406467e+00 1.409432e+00 2.092199e+02
-1.184254e+00 1.632172e-01 4.783423e+00 1.005856e+00 2.992550e+00
1.436959e+00 1.057004e+00 4.956281e+00 1.416689e+00 2.129283e+02
1.617232e+00 -3.360695e-01 5.031372e+00 1.375762e+00 1.920145e+02
1.224668e+00 -3.778203e-01 5.296880e+00 4.426818e+00 1.751104e+03
-1.651295e-01 -1.689720e+00 3.729093e+00 1.484368e+00 2.475122e+02
1.216406e+00 5.373871e-01 3.200604e+00 1.003607e+00 1.843326e+00
-1.186754e+00 4.349139e-01 4.873084e+00 1.362956e+00 1.854706e+02
-6.552618e-01 1.005409e+00 5.038089e+00 1.350480e+00 1.790951e+02
4.844294e-01 -1.901781e+00 5.578705e+00 1.388974e+00 1.987655e+02
-8.709614e-01 5.260241e-01 5.234585e+00 1.393909e+00 2.012877e+02
9.990254e-01 -1.233963e+00 4.354822e+00 1.280517e+00 1.433442e+02
1.626279e-01 -3.341453e-02 4.061115e+00 1.005570e+00 2.846449e+00
-1.215321e+00 8.723662e-02 5.376525e+00 1.368300e+00 1.882015e+02
2.431132e+00 5.026920e-01 4.782883e+00 4.406080e+00 1.740507e+03
-9.327557e-02 -1.714913e+00 4.587457e+00 1.383065e+00 1.957461e+02
1.755899e-01 -1.074289e+00 2.995534e+00 1.525229e+00 2.683922e+02
-1.612449e+00 1.002757e+00 6.094002e+00 1.451719e+00 2.308283e+02
1.741251e+00 -7.501596e-01 4.863416e+00 4.446397e+00 1.761109e+03
-2.291252e+00 -8.003997e-01 4.219796e+00 1.484820e+00 2.477430e+02
-6.211871e-01 1.603251e+00 4.968395e+00 4.116726e+00 1.592647e+03
7.129067e-01 4.171469e-01 4.283061e+00 1.015259e+00 7.797337e+00
-9.769043e-01 8.965178e-01 4.332380e+00 1.535608e+00 2.736958e+02
1.070746e+00 -8.476864e-01 4.731627e+00 1.361677e+00 1.848171e+02
-3.398440e-01 -7.372377e-01 4.933648e+00 4.115522e+00 1.592032e+03
-1.477240e+00 -5.736503e-01 4.845096e+00 1.333559e+00 1.704488e+02
1.112958e+00 -8.143961e-01 4.694600e+00 1.429135e+00 2.192882e+02
-1.415129e+00 1.142771e+00 5.098443e+00 1.350645e+00 1.791795e+02
1.117749e+00 9.239772e-01 5.650879e+00 1.423345e+00 2.163292e+02
1.768830e+00 -2.206610e+00 5.020378e+00 4.073789e+00 1.570706e+03
1.430760e-01 -1.534095e+00 4.998038e+00 4.097095e+00 1.582615e+03
1.802757e+00 -1.041014e+00 5.126111e+00 1.431042e+00 2.202626e+02
6.327285e-01 8.421205e-02 5.133729e+00 1.420688e+00 2.149715e+02
3.473566e+00 -1.612880e+00 4.963269e+00 4.077423e+00 1.572563e+03
-1.644255e+00 1.617686e+00 5.191703e+00 1.393537e+00 2.010976e+02
-2.536346e-01 1.601235e+00 5.488668e+00 1.442893e+00 2.263185e+02
1.774566e+00 -7.628895e-01 5.630588e+00 1.005809e+00 2.968361e+00
-5.580364e-01 -1.705116e+00 4.955990e+00 1.013683e+00 6.991801e+00
4.846382e-01 -1.003388e+00 5.374405e+00 1.426866e+00 2.181284e+02
4.173800e+00 -7.858871e-01 5.005384e+00 4.072756e+00 1.570178e+03
-9.695758e-02 -1.108344e+00 4.680574e+00 1.348197e+00 1.779288e+02
1.149970e+00 -1.862975e+00 4.735142e+00 1.456114e+00 2.330743e+02
4.700870e-02 1.718422e+00 5.525688e+00 1.001968e+00 1.005693e+00
-4.561979e-01 1.696429e+00 4.088037e+00 1.414907e+00 2.120174e+02
1.017229e+00 -1.095274e+00 4.609422e+00 1.336794e+00 1.721019e+02
1.951309e+00 9.860464e-01 5.191714e+00 4.501980e+00 1.789512e+03
1.115913e-01 -1.570087e+00 5.895660e+00 1.373859e+00 1.910417e+02
-1.179781e+00 8.924324e-01 4.689233e+00 1.426590e+00 2.179873e+02
-7.970825e-01 -1.158713e+00 4.840608e+00 1.358690e+00 1.832907e+02
1.852734e+00 -1.127305e-01 4.742787e+00 1.321250e+00 1.641589e+02
-1.335956e+00 -5.513577e-01 4.737400e+00 1.404531e+00 2.067155e+02
-1.714557e+00 1.328715e+00 4.894152e+00 1.359514e+00 1.837119e+02
5.087168e-01 -1.926427e+00 4.704002e+00 1.336458e+00 1.719300e+02
-1.079931e+00 9.582696e-02 4.934553e+00 1.413057e+00 2.110724e+02
1.264880e+00 -2.021752e-01 4.673250e+00 1.352642e+00 1.801998e+02
4.240489e+00 1.142252e+00 4.894392e+00 4.115937e+00 1.592244e+03
-9.491397e-01 9.455475e-01 4.961189e+00 4.071885e+00 1.569733e+03
8.354341e-02 -4.089863e-02 3.734286e+00 1.000166e+00 8.496206e-02
7.364151e-01 -1.439149e+00 4.035116e+00 1.542711e+00 2.773255e+02
-5.532522e-01 1.411238e+00 6.267812e+00 1.448815e+00 2.293444e+02
-2.714347e-01 1.937503e+00 4.701486e+00 1.346389e+00 1.770046e+02
-1.438037e+00 1.281865e+00 4.235370e+00 1.392343e+00 2.004874e+02
2.568158e+00 5.527094e-01 5.497867e+00 4.473682e+00 1.775051e+03
-8.142517e-01 -1.155566e+00 6.018276e+00 1.506348e+00 2.587437e+02
2.200854e+00 7.652012e-01 4.840297e+00 4.469457e+00 1.772892e+03
2.197503e+00 5.158722e-01 5.089012e+00 4.460551e+00 1.768342e+03
-8.828619e-01 2.319488e+00 4.209826e+00 1.376341e+00 1.923103e+02
-4.292806e-01 2.022721e+00 5.114749e+00 1.521792e+00 2.666359e+02
-6.218292e-01 -1.414354e+00 4.962290e+00 1.396316e+00 2.025176e+02
-3.702008e-01 1.344876e+00 4.250407e+00 1.377072e+00 1.926839e+02
-2.593533e-01 8.453029e-01 5.125123e+00 1.365348e+00 1.866927e+02
-1.318226e+00 -1.321488e-01 6.623287e+00 1.461248e+00 2.356979e+02
-1.920173e+00 4.170778e-01 5.213576e+00 1.342434e+00 1.749839e+02
4.204489e+00 -7.084594e-01 4.837541e+00 4.074051e+00 1.570840e+03
-2.211018e+00 4.018678e-01 5.482720e+00 1.270354e+00 1.381509e+02
1.257176e+00 -3.695414e-02 5.009648e+00 1.508896e+00 2.600461e+02
3.720512e-01 -1.628429e+00 4.181471e+00 1.406764e+00 2.078565e+02
-2.455460e-01 1.248332e+00 4.755958e+00 1.375035e+00 1.916431e+02
6.452023e-01 -2.088905e+00 5.752592e+00 1.488378e+00 2.495613e+02
2.340273e+00 -3.306801e-01 5.058255e+00 4.482368e+00 1.779490e+03
1.617137e+00 6.141303e-01 4.743550e+00 4.496442e+00 1.786682e+03
-4.366044e-01 1.904375e-01 4.107018e+00 1.000588e+00 3.004470e-01
-1.974991e-01 -2.452553e+00 5.477716e+00 1.368745e+00 1.884286e+02
-1.509716e+00 -8.332358e-01 5.096754e+00 1.509424e+00 2.603156e+02
-6.530680e-01 1.669783e+00 5.445037e+00 1.292119e+00 1.492727e+02
2.577981e+00 -4.058867e-01 4.609934e+00 4.408184e+00 1.741582e+03
2.167016e+00 -1.743889e-01 5.181153e+00 1.367365e+00 1.877237e+02
-6.686719e-01 -1.548914e+00 5.542866e+00 1.321792e+00 1.644359e+02
-1.513124e+00 -1.032716e+00 5.546108e+00 1.479284e+00 2.449143e+02
-3.311602e-01 -1.766670e+00 5.871644e+00 1.416817e+00 2.129934e+02
2.490563e+00 1.584362e-01 5.071745e+00 4.425663e+00 1.750514e+03
-1.740519e+00 2.770505e-01 4.630324e+00 1.332153e+00 1.697300e+02
1.345227e+00 1.202964e-01 5.880282e+00 1.513132e+00 2.622103e+02
-3.586767e-01 -1.776294e+00 5.465030e+00 1.315746e+00 1.613461e+02
1.803459e+00 3.041626e-01 5.210404e+00 4.456971e+00 1.766512e+03
-4.800777e-01 1.388244e+00 4.228531e+00 1.151861e+00 7.760116e+01
3.049365e-01 1.829379e+00 4.006249e+00 1.346002e+00 1.768071e+02
4.317481e+00 1.336340e+00 5.127852e+00 4.052676e+00 1.559918e+03
2.254614e+00 -4.213604e-01 4.879492e+00 4.494628e+00 1.785755e+03
1.471688e+00 -1.624427e-01 4.983548e+00 4.501001e+00 1.789011e+03
-5.911288e-01 7.327341e-01 6.565888e+00 1.511123e+00 2.611841e+02
-6.804817e-01 1.171910e+00 5.876803e+00 1.437902e+00 2.237677e+02
1.180724e+00 8.125037e-01 4.432557e+00 1.423269e+00 2.162903e+02
-1.078214e+00 -6.924970e-01 5.768147e+00 1.453285e+00 2.316286e+02
1.355625e+00 1.956213e-01 5.011597e+00 4.473295e+00 1.774854e+03
-1.372789e+00 -5.981452e-02 3.795185e+00 1.000814e+00 4.161040e-01
-3.714460e-01 1.257204e+00 6.433597e+00 1.405577e+00 2.072499e+02
3.086850e-01 1.066112e+00 4.326773e+00 1.438139e+00 2.238888e+02
-1.690774e+00 3.040565e-01 5.330772e+00 1.450241e+00 2.300729e+02
-9.301122e-01 -2.108625e+00 4.167644e+00 1.510350e+00 2.607890e+02
3.465254e+00 -1.354967e+00 5.026745e+00 4.143713e+00 1.606438e+03
3.555055e-01 9.522090e-01 4.955421e+00 1.481983e+00 2.462931e+02
7.296624e-01 -1.770007e+00 5.303958e+00 1.348527e+00 1.780971e+02
1.419087e+00 -3.154523e-01 5.008775e+00 4.493638e+00 1.785249e+03
-3.684871e-01 -3.787299e-01 2.899697e+00 1.658616e+00 3.365530e+02
4.596123e-01 -1.834576e+00 5.083987e+00 4.100133e+00 1.584168e+03
1.469598e+00 3.685514e-02 4.723393e+00 1.514075e+00 2.626924e+02
5.667358e-01 2.205078e-01 3.498149e+00 1.447450e+00 2.286470e+02
1.653327e+00 -7.994287e-01 4.881227e+00 1.395386e+00 2.020424e+02
2.216803e-01 -3.860095e-02 5.204110e+00 1.001694e+00 8.657980e-01
1.283570e+00 4.391991e-01 4.901677e+00 1.319360e+00 1.631929e+02
2.124718e+00 2.439178e-01 4.891308e+00 4.493100e+00 1.784974e+03
-3.729959e-01 1.824947e+00 5.007702e+00 4.096165e+00 1.582140e+03
1.288889e-01 -1.907755e+00 4.511831e+00 1.266451e+00 1.361566e+02
-7.658926e-01 1.148770e+00 3.898137e+00 1.424171e+00 2.167514e+02
-1.682181e+00 1.064956e+00 4.324676e+00 1.375281e+00 1.917687e+02
2.111616e+00 1.246394e+00 4.868932e+00 4.470620e+00 1.773487e+03
2.518997e-01 2.511679e-01 5.775065e+00 1.002740e+00 1.400080e+00
1.580487e+00 2.001047e-01 5.066681e+00 4.476721e+00 1.776605e+03
-7.109658e-01 4.954445e-01 3.710652e+00 1.001830e+00 9.352083e-01
1.414187e+00 -9.173772e-01 4.412177e+00 1.385864e+00 1.971765e+02
-8.443022e-02 1.215488e+00 4.540719e+00 1.372356e+00 1.902741e+02
5.377831e-01 -7.731686e-01 5.035038e+00 1.381223e+00 1.948048e+02
5.701829e-01 -1.670955e+00 4.878702e+00 1.328152e+00 1.676857e+02
3.770530e-02 1.313370e+00 4.666776e+00 1.414004e+00 2.115563e+02
1.296347e+00 -7.645594e-01 3.836906e+00 1.441971e+00 2.258472e+02
-6.039615e-01 -1.572528e+00 5.295784e+00 1.393224e+00 2.009372e+02
-7.184555e-02 2.253796e+00 5.079861e+00 4.106223e+00 1.587280e+03
-8.552713e-01 1.373369e+00 6.722483e+00 1.002411e+00 1.232236e+00
1.726902e+00 2.326761e-01 4.723097e+00 1.424480e+00 2.169094e+02
-1.703446e+00 1.051256e+00 6.152486e+00 1.407235e+00 2.080970e+02
1.171109e+00 1.111123e-01 5.031933e+00 1.426438e+00 2.179096e+02
-8.508432e-01 -1.601119e+00 5.322747e+00 1.384047e+00 1.962478e+02
-1.660258e-01 1.680556e+00 6.527173e+00 1.425787e+00 2.175770e+02
-2.157308e-01 -1.058723e+00 4.967932e+00 4.083082e+00 1.575455e+03
-7.568756e-01 2.232272e-01 4.921997e+00 1.377640e+00 1.929741e+02
2.142112e+00 -9.876578e-01 4.641494e+00 4.403159e+00 1.739014e+03
-1.030345e+00 1.450010e+00 4.882558e+00 1.368523e+00 1.883151e+02
2.190869e+00 -2.534847e-01 5.043296e+00 4.452816e+00 1.764389e+03
-1.741872e+00 6.649171e-01 4.651974e+00 1.393667e+00 2.011638e+02
5.819192e-01 -1.532084e+00 5.117501e+00 1.102937e+00 5.260069e+01
-1.884208e+00 3.571173e-01 5.079138e+00 1.300382e+00 1.534951e+02
1.106415e+00 3.016559e+00 4.963102e+00 4.104188e+00 1.586240e+03
-2.264289e+00 -1.285617e+00 5.263357e+00 1.441607e+00 2.256612e+02
1.745357e+00 1.422730e+00 4.884286e+00 4.507730e+00 1.792450e+03
-1.668774e+00 -8.644485e-02 5.074040e+00 1.302377e+00 1.545147e+02
6.341929e-02 -6.315562e-01 6.136636e+00 1.482995e+00 2.468106e+02
5.104720e-01 -1.260919e+00 6.493689e+00 1.006115e+00 3.124583e+00
3.865658e+00 2.132667e+00 5.029122e+00 4.077147e+00 1.572422e+03
7.310935e-01 1.168607e+00 5.429169e+00 1.424917e+00 2.171328e+02
-1.998751e+00 1.216188e+00 4.877655e+00 1.352065e+00 1.799051e+02
1.164656e+00 -1.248035e+00 6.849649e+00 1.446877e+00 2.283543e+02
-1.901595e+00 -3.730379e-02 5.394302e+00 1.292249e+00 1.493390e+02
2.026737e-01 1.694625e+00 4.530773e+00 1.323662e+00 1.653912e+02
-4.305553e-01 1.802521e+00 5.053146e+00 1.329154e+00 1.681979e+02
1.243290e+00 7.925501e-02 4.870399e+00 4.471917e+00 1.774150e+03
1.069118e+00 8.125779e-01 4.548640e+00 1.320699e+00 1.638771e+02
2.675826e-01 3.371008e-01 7.040592e+00 1.000464e+00 2.368673e-01
5.922360e-01 -2.449846e-01 4.692275e+00 1.012681e+00 6.480227e+00
-1.069532e-01 -2.999914e-01 1.767257e+00 1.000049e+00 2.499382e-02
1.235122e+00 2.516537e-02 4.952153e+00 4.488409e+00 1.782577e+03
-4.889772e-01 1.010357e+00 3.398697e+00 1.532873e+00 2.722980e+02
8.891659e-01 2.891424e+00 4.970613e+00 4.105224e+00 1.586769e+03
4.404113e-01 -1.596150e+00 5.026979e+00 1.344472e+00 1.760253e+02
-1.949552e-01 1.828425e+00 5.300515e+00 1.419039e+00 2.141290e+02
-1.393279e+00 -8.619331e-02 5.102015e+00 1.401104e+00 2.049641e+02
1.959109e-01 -1.560401e+00 5.542496e+00 1.001488e+00 7.604838e-01
-1.428805e+00 -2.147915e-01 4.961794e+00 1.472780e+00 2.415904e+02
1.013295e+00 1.742390e+00 6.002304e+00 1.345699e+00 1.766520e+02
1.188787e+00 -1.347831e-01 4.923228e+00 4.436505e+00 1.756054e+03
1.096725e+00 2.390214e+00 4.919300e+00 4.429788e+00 1.752621e+03
-1.094365e+00 8.856146e-01 5.666479e+00 1.701101e+00 3.582626e+02
1.069589e+00 1.490042e-01 5.266382e+00 1.457458e+00 2.337610e+02
8.641046e-01 -1.717959e+00 5.760036e+00 1.385469e+00 1.969749e+02
-1.424857e+00 4.977777e-01 6.016730e+00 1.464770e+00 2.374973e+02
1.705735e+00 2.445055e-01 5.396211e+00 4.487169e+00 1.781943e+03
-5.432937e-01 -1.404419e+00 5.232801e+00 1.331703e+00 1.695005e+02
1.253716e-02 7.775414e-01 5.395901e+00 1.423816e+00 2.165701e+02
8.845440e-01 2.374731e+00 4.814830e+00 4.508968e+00 1.793083e+03
1.716091e+00 3.183926e+00 5.068038e+00 4.078356e+00 1.573040e+03
-8.331426e-01 2.084377e+00 4.393756e+00 1.454933e+00 2.324707e+02
1.106948e+00 8.811768e-01 4.525086e+00 1.389521e+00 1.990451e+02
3.816202e+00 2.221637e+00 4.873013e+00 4.076843e+00 1.572267e+03
-1.679253e+00 3.548525e-01 5.859187e+00 1.362827e+00 1.854045e+02
1.206083e+00 -1.050410e+00 4.374806e+00 1.341140e+00 1.743226e+02
1.041978e+00 2.023963e+00 5.229017e+00 1.402004e+00 2.054240e+02
1.933763e+00 -2.870119e-01 5.403068e+00 1.318954e+00 1.629855e+02
1.651719e+00 4.038426e-01 4.713797e+00 4.513434e+00 1.795365e+03
1.893189e-01 1.144970e+00 6.231155e+00 1.426343e+00 2.178615e+02
-1.451475e+00 5.685011e-01 5.043733e+00 1.375743e+00 1.920049e+02
1.808698e+00 5.029261e-01 4.359189e+00 1.367512e+00 1.877985e+02
4.218220e+00 9.730094e-01 4.986026e+00 4.120538e+00 1.594595e+03
-7.571869e-01 -6.789928e-01 3.447338e+00 1.437993e+00 2.238143e+02
-2.800929e-01 -1.314536e+00 2.841288e+00 1.001233e+00 6.298591e-01
1.256830e+00 1.189427e+00 4.351841e+00 1.427614e+00 2.185107e+02
-1.506632e+00 -5.877842e-01 4.539942e+00 1.301699e+00 1.541680e+02
3.843751e-01 2.254032e-01 3.139072e+00 1.000564e+00 2.883509e-01
1.841873e+00 1.324574e-01 4.463077e+00 1.357341e+00 1.826013e+02
-2.999376e-01 -3.369127e-01 3.480969e+00 1.001649e+00 8.424317e-01
-1.739166e+00 -5.091906e-01 5.727615e+00 1.369875e+00 1.890060e+02
1.324615e+00 -1.007816e+00 3.228590e+00 1.545329e+00 2.786631e+02
-2.899068e-01 -1.116948e+00 4.541659e+00 1.467481e+00 2.388828e+02
-2.819177e-02 -8.606137e-01 4.887825e+00 1.400376e+00 2.045919e+02
-1.324640e+00 8.997427e-02 4.672403e+00 1.437453e+00 2.235383e+02
-3.650715e-01 -9.916952e-01 7.300588e+00 1.000336e+00 1.716960e-01
-1.543860e+00 6.868992e-01 5.644709e+00 1.398463e+00 2.036144e+02
-1.943424e+00 -5.209068e-02 5.289248e+00 1.326862e+00 1.670265e+02
-2.950803e-01 7.852728e-01 4.853345e+00 1.385258e+00 1.968666e+02
-9.662326e-02 -3.662105e-01 5.748190e+00 1.001399e+00 7.150445e-01
1.000188e-01 2.797244e+00 4.805615e+00 4.074423e+00 1.571030e+03
1.518100e+00 -7.913931e-01 5.620132e+00 1.313359e+00 1.601263e+02
1.609376e+00 2.280045e-01 5.189278e+00 4.527606e+00 1.802607e+03
7.178371e-01 -1.468227e+00 5.966090e+00 1.370494e+00 1.893223e+02
-7.901868e-01 5.134981e-01 5.140687e+00 4.075056e+00 1.571354e+03
1.660213e-01 2.190056e-02 6.034702e+00 1.004813e+00 2.459355e+00
1.388692e+00 -6.148285e-01 5.462427e+00 1.139285e+00 7.117439e+01
2.362677e+00 3.739130e-01 4.690301e+00 4.469473e+00 1.772901e+03
-5.048038e-01 5.268060e-01 6.816019e+00 1.000901e+00 4.604347e-01
3.287767e-01 2.926194e+00 5.030889e+00 4.107187e+00 1.587773e+03
-1.772536e+00 -8.229402e-01 5.505275e+00 1.314897e+00 1.609124e+02
4.015862e+00 1.799780e+00 4.993888e+00 4.091014e+00 1.579508e+03
1.254844e+00 8.039239e-01 4.773338e+00 4.499511e+00 1.788250e+03
1.277576e+00 2.255834e-01 5.211233e+00 4.479038e+00 1.777788e+03
1.234728e+00 1.390298e+00 3.772201e+00 1.017709e+00 9.049211e+00
-4.396766e-02 2.312135e+00 4.977498e+00 4.127595e+00 1.598201e+03
-2.278623e+00 -3.411080e-01 5.261170e+00 1.371121e+00 1.896426e+02
-5.126769e-01 -4.087951e-01 6.998345e+00 1.513124e+00 2.622062e+02
-2.576948e-01 -1.718981e+00 4.669368e+00 1.398466e+00 2.036162e+02
-1.212090e+00 -1.014890e+00 5.143520e+00 1.420033e+00 2.146367e+02
2.926111e+00 -1.893044e+00 4.990361e+00 4.105258e+00 1.586787e+03
1.879463e+00 3.086030e+00 4.958101e+00 4.098969e+00 1.583573e+03
9.935659e-02 -1.984276e+00 4.601725e+00 1.309702e+00 1.582575e+02
-1.309320e-01 -9.563346e-02 5.407827e+00 1.000169e+00 8.655632e-02
-1.595776e+00 2.899252e-01 5.470410e+00 1.577249e+00 2.949742e+02
2.334608e+00 -2.834696e-01 4.970958e+00 4.483942e+00 1.780295e+03
-2.222917e+00 7.377242e-01 4.495427e+00 1.348564e+00 1.781160e+02
1.058332e+00 -1.489369e+00 5.154097e+00 4.505238e+00 1.791177e+03
-4.575632e-01 1.230276e+00 5.032817e+00 1.318701e+00 1.628560e+02
1.625572e+00 3.109077e+00 4.912794e+00 4.073903e+00 1.570764e+03
2.539365e+00 -1.091606e+00 5.326695e+00 4.503011e+00 1.790039e+03
-2.566002e+00 4.214670e-01 5.102161e+00 1.614789e+00 3.141569e+02
-6.930487e-01 7.446712e-01 5.020288e+00 4.101452e+00 1.584842e+03
2.239738e+00 1.143206e+00 4.212098e+00 1.383902e+00 1.961739e+02
9.039434e-01 -2.796210e-01 4.791664e+00 1.393099e+00 2.008736e+02
1.606813e+00 -2.048001e+00 4.992750e+00 4.132479e+00 1.600697e+03
1.724629e+00 1.166892e+00 5.094126e+00 4.452316e+00 1.764134e+03
1.483722e+00 7.059540e-01 5.049176e+00 4.526121e+00 1.801848e+03
1.411881e+00 -2.228000e-01 4.849177e+00 4.522643e+00 1.800071e+03
-7.352913e-03 -9.707909e-01 5.142290e+00 1.373348e+00 1.907808e+02
-9.260828e-01 7.700745e-01 4.989503e+00 1.370098e+00 1.891203e+02
1.028579e+00 -3.108966e-01 4.820668e+00 4.555511e+00 1.816866e+03
3.088685e-01 -1.924379e-01 4.231369e+00 1.009064e+00 4.631586e+00
-3.393994e-01 1.532007e+00 3.451732e+00 1.307367e+00 1.570646e+02
2.311421e+00 1.802529e-01 4.133400e+00 1.411701e+00 2.103792e+02
-2.283343e+00 -3.929396e-01 4.194453e+00 1.553375e+00 2.827748e+02
1.289178e+00 1.060948e+00 5.049218e+00 1.355657e+00 1.817410e+02
1.706584e+00 1.205328e+00 5.158877e+00 4.491268e+00 1.784038e+03
2.035041e+00 1.534414e+00 4.847781e+00 4.473217e+00 1.774814e+03
-3.000026e-01 2.125837e+00 4.604095e+00 1.337432e+00 1.724279e+02
2.357307e+00 9.201620e-01 5.075926e+00 4.529574e+00 1.803612e+03
-5.762659e-01 1.382375e+00 4.201506e+00 1.325840e+00 1.665040e+02
-1.078270e-01 1.617404e-01 3.542536e+00 1.000713e+00 3.644779e-01
2.567763e+00 2.679152e+00 5.102730e+00 4.083921e+00 1.575884e+03
1.452044e+00 -5.010956e-01 4.403215e+00 1.252137e+00 1.288421e+02
1.681272e+00 1.874505e-01 5.092903e+00 4.478116e+00 1.777317e+03
3.339776e+00 -1.574996e+00 4.993696e+00 4.111148e+00 1.589797e+03
-1.351780e+00 -1.097970e-01 5.011623e+00 1.310158e+00 1.584909e+02
-6.422510e-01 1.553424e+00 4.578681e+00 1.423345e+00 2.163294e+02
1.253583e+00 4.780576e-01 5.081750e+00 4.466949e+00 1.771611e+03
-1.662294e+00 1.499484e+00 5.593984e+00 1.354907e+00 1.813573e+02
2.509749e+00 1.125047e+00 4.843763e+00 4.541167e+00 1.809536e+03
-1.134999e+00 6.040238e-01 5.634573e+00 1.375042e+00 1.916464e+02
-1.367009e-01 3.974660e-01 6.793541e+00 1.000483e+00 2.470136e-01
5.045857e-01 1.401268e+00 5.430419e+00 1.292926e+00 1.496853e+02
-1.319381e+00 7.670392e-01 4.662640e+00 1.391555e+00 2.000848e+02
-2.148198e+00 8.854300e-02 4.644857e+00 1.420678e+00 2.149664e+02
-9.857731e-02 -1.538956e+00 5.718998e+00 1.002352e+00 1.201791e+00
-1.010472e-02 -1.266321e+00 5.061043e+00 4.110682e+00 1.589559e+03
-9.927590e-01 1.310908e+00 4.175002e+00 1.420629e+00 2.149415e+02
-1.241344e+00 -4.984536e-01 2.930206e+00 1.002854e+00 1.458497e+00
