-8.397979e-01 7.130297e-01 3.990821e+00 1.580370e+00 2.965693e+02
4.560007e-01 -9.441145e-01 7.646143e+00 1.506546e+00 2.588451e+02
-1.010715e+00 4.711892e-01 3.121588e+00 1.428728e+00 2.190798e+02
-1.237464e+00 1.550342e+00 4.979637e+00 1.010575e+00 5.403768e+00
6.313806e-01 5.462066e-01 6.575808e+00 1.467052e+00 2.386635e+02
4.406902e-01 5.528631e-01 4.989501e+00 1.488436e+01 7.094909e+03
-1.251729e+00 1.241440e+00 4.628188e+00 1.345382e+00 1.764904e+02
1.834690e+00 -9.533696e-01 5.225458e+00 1.404814e+00 2.068602e+02
-8.984685e-01 1.305113e+00 5.113408e+00 1.005114e+00 2.613099e+00
9.925074e-01 -1.096641e+00 4.812770e+00 1.344239e+00 1.759061e+02
1.372091e-01 1.779649e+00 5.084809e+00 1.293273e+00 1.498624e+02
6.521681e-01 4.797492e-01 3.507324e+00 1.437290e+00 2.234554e+02
-8.335980e-01 1.473809e+00 6.035087e+00 1.341473e+00 1.744929e+02
-9.651351e-01 4.367299e-01 5.893292e+00 1.423468e+00 2.163923e+02
-2.393234e+00 -1.026698e+00 5.091986e+00 1.559092e+01 7.455962e+03
1.809050e+00 -9.276994e-01 3.875679e+00 1.489216e+00 2.499895e+02
-2.417597e+00 -8.628388e-01 4.906512e+00 1.573130e+01 7.527693e+03
9.061139e-01 1.177517e+00 4.537820e+00 1.257425e+00 1.315444e+02
-4.257979e-01 -9.376683e-01 5.597902e+00 1.389181e+00 1.988715e+02
-4.429261e+00 -7.008385e-01 5.043576e+00 1.486717e+01 7.086122e+03
-6.773526e-01 -1.680854e-01 5.222629e+00 1.003277e+00 1.674764e+00
1.823895e+00 7.740449e-01 5.663272e+00 1.322303e+00 1.646970e+02
-1.315977e+00 -1.775872e+00 5.127097e+00 1.354976e+00 1.813926e+02
-2.091340e+00 -4.813721e-01 4.985212e+00 1.575625e+01 7.540443e+03
1.094786e+00 4.299682e-01 5.082545e+00 1.376527e+00 1.924054e+02
3.716212e-01 1.285168e+00 4.398298e+00 1.376227e+00 1.922521e+02
-4.681806e-01 1.420334e-01 3.846272e+00 1.000804e+00 4.110984e-01
-1.147769e+00 -1.439869e+00 4.711517e+00 1.398292e+00 2.035271e+02
-5.558322e-01 1.861133e+00 5.976310e+00 1.566300e+00 2.893792e+02
-1.774056e+00 -1.579538e+00 5.086540e+00 1.567929e+01 7.501120e+03
-2.359775e+00 1.309349e-01 5.242816e+00 1.572614e+01 7.525060e+03
1.040067e+00 1.498789e+00 5.056523e+00 1.380988e+00 1.946847e+02
-1.193251e+00 1.382770e+00 5.070428e+00 1.362547e+00 1.852614e+02
1.966454e+00 4.267704e-01 4.417279e+00 1.392727e+00 2.006833e+02
9.778278e-01 1.228824e+00 5.122385e+00 1.303987e+00 1.553373e+02
-7.325937e-01 -9.250206e-01 5.712923e+00 1.388179e+00 1.983594e+02
4.072990e-01 -1.418424e+00 5.866037e+00 1.420213e+00 2.147286e+02
2.898267e-01 -1.513726e+00 3.673183e+00 1.389666e+00 1.991192e+02
1.362675e+00 -1.205633e+00 5.807045e+00 1.413083e+00 2.110854e+02
1.630616e+00 7.066315e-01 5.283142e+00 1.330692e+00 1.689835e+02
1.136150e+00 1.169013e+00 3.333196e+00 1.425750e+00 2.175582e+02
-1.651084e+00 -1.014763e+00 5.958541e+00 1.352753e+00 1.802566e+02
-2.086285e+00 -4.364954e-01 4.832106e+00 1.574014e+01 7.532210e+03
1.507135e+00 -5.350602e-01 4.892559e+00 1.425656e+00 2.175102e+02
-7.655878e-01 -1.861179e+00 5.404804e+00 1.363283e+00 1.856376e+02
-2.150777e-02 1.638602e+00 6.178342e+00 1.005054e+00 2.582557e+00
4.955699e-01 -1.056081e+00 7.109857e+00 1.512910e+00 2.620968e+02
-1.059333e+00 7.748028e-01 7.718134e+00 1.410800e+00 2.099187e+02
8.007471e-01 -8.507391e-01 6.044948e+00 1.016806e+00 8.588005e+00
1.041281e+00 1.295078e+00 1.607379e+00 1.004187e+00 2.139341e+00
-1.537278e+00 -1.300161e+00 4.938627e+00 1.566219e+01 7.492378e+03
8.411165e-01 -1.482204e-01 4.282604e+00 1.445033e+00 2.274117e+02
1.006006e+00 8.138127e-01 6.841558e+00 1.389243e+00 1.989034e+02
-1.267265e+00 -3.967644e-01 5.001802e+00 1.572463e+01 7.524284e+03
-6.844808e-01 8.721966e-01 4.765087e+00 1.412321e+00 2.106960e+02
-9.364658e-01 1.244037e+00 4.851815e+00 1.379793e+00 1.940744e+02
-7.017364e-01 -1.203951e+00 2.714261e+00 1.605531e+00 3.094265e+02
4.018897e-02 -1.493813e+00 5.764667e+00 1.356216e+00 1.820266e+02
-2.410263e-01 -1.321720e+00 6.259918e+00 1.402823e+00 2.058426e+02
-2.621366e+00 -9.208334e-01 4.906268e+00 1.564506e+01 7.483626e+03
-1.234129e+00 -9.136520e-01 6.319531e+00 1.357346e+00 1.826038e+02
7.423997e-01 8.219335e-01 5.744083e+00 1.380222e+00 1.942936e+02
-6.086962e-01 9.104190e-01 3.654726e+00 1.508056e+00 2.596166e+02
-3.495337e-01 -1.996191e+00 5.950124e+00 1.379582e+00 1.939666e+02
6.464703e-01 5.359912e-01 6.795997e+00 1.492630e+00 2.517340e+02
3.169020e-01 8.011195e-01 3.883121e+00 1.465653e+00 2.379485e+02
-7.818164e-01 1.749172e-01 3.873071e+00 1.016954e+00 8.663488e+00
1.622086e+00 -1.211631e+00 4.663835e+00 1.350981e+00 1.793511e+02
-2.690741e-02 2.631607e-01 6.118997e+00 1.000794e+00 4.054863e-01
2.962845e-01 1.198996e+00 5.607826e+00 1.416644e+00 2.129049e+02
2.045924e+00 -9.646786e-01 4.577216e+00 1.311999e+00 1.594314e+02
3.870396e-01 -1.224961e+00 6.617789e+00 1.410650e+00 2.098419e+02
1.876039e+00 8.671438e-02 5.089848e+00 1.307748e+00 1.572594e+02
-3.707554e-01 1.429738e+00 4.683063e+00 1.308908e+00 1.578519e+02
7.042107e-01 -6.506638e-01 6.415756e+00 1.546221e+00 2.791191e+02
-5.338024e-01 -1.235887e+00 6.236146e+00 1.390646e+00 1.996202e+02
-1.557932e+00 2.936316e-01 4.987192e+00 1.569493e+01 7.509109e+03
1.920115e+00 6.683243e-02 4.834143e+00 1.009733e+00 4.973793e+00
-3.264578e-01 1.830352e+00 4.686572e+00 1.376571e+00 1.924277e+02
1.751877e+00 5.207784e-01 4.736455e+00 1.359043e+00 1.834709e+02
-1.903501e+00 -4.247121e-01 4.999986e+00 1.575335e+01 7.538963e+03
-1.271199e+00 -1.210002e+00 5.185255e+00 1.345596e+00 1.765996e+02
-2.238447e-01 2.137563e+00 5.285924e+00 1.296812e+00 1.516712e+02
-1.348227e+00 3.675394e-01 4.559294e+00 1.407507e+00 2.082359e+02
4.792698e-01 -5.845005e-01 3.938901e+00 1.460008e+00 2.350643e+02
1.063545e-01 1.365308e+00 5.381818e+00 1.296287e+00 1.514028e+02
6.684322e-01 5.554486e-01 9.596586e+00 1.510563e+00 2.608978e+02
-1.851780e+00 5.102790e-01 4.435826e+00 1.506731e+00 2.589393e+02
-2.375853e+00 1.040198e-01 5.056392e+00 1.573621e+01 7.530205e+03
-1.436953e+00 -5.461829e-03 5.719397e+00 1.350840e+00 1.792790e+02
-1.245233e+00 -1.272861e-01 5.676114e+00 1.389923e+00 1.992508e+02
1.631860e-01 1.183179e+00 5.259412e+00 1.445925e+00 2.278676e+02
-1.238660e+00 -9.068442e-01 4.937692e+00 1.356128e+00 1.819812e+02
-4.765653e-01 8.683382e-01 4.726242e+00 2.131917e+00 5.784095e+02
-1.186754e+00 -5.354227e-02 5.114552e+00 1.408953e+00 2.089748e+02
-7.241451e-01 1.245560e+00 3.854943e+00 1.356291e+00 1.820645e+02
7.160645e-01 -1.134222e+00 4.627950e+00 1.498897e+00 2.549364e+02
4.590028e-01 1.626454e+00 5.090589e+00 1.338966e+00 1.732115e+02
-1.356635e+00 -6.849845e-01 5.125666e+00 1.569537e+01 7.509335e+03
1.128469e+00 -6.472398e-01 3.215870e+00 1.362925e+00 1.854548e+02
5.165077e-01 -1.707549e+00 7.443025e+00 1.002760e+00 1.410444e+00
-2.855678e+00 -4.603223e-01 4.797916e+00 1.562033e+01 7.470986e+03
6.820494e-01 8.791334e-01 5.022368e+00 1.370598e+00 1.893756e+02
-1.037470e+00 3.237175e-01 5.575099e+00 1.417750e+00 2.134701e+02
1.227506e+00 3.351501e-01 5.484701e+00 1.390686e+00 1.996404e+02
-2.819898e+00 -4.924456e-01 4.911602e+00 1.558136e+01 7.451076e+03
4.302202e-01 -4.042842e-01 5.032139e+00 1.002360e+00 1.206199e+00
-1.239374e+00 1.622210e-02 5.019889e+00 1.569309e+01 7.508167e+03
5.187261e-01 -1.949280e+00 6.334788e+00 1.209160e+00 1.068806e+02
-1.034658e+00 -2.879327e+00 5.011911e+00 1.490438e+01 7.105140e+03
1.708492e+00 6.300904e-01 4.854500e+00 1.285176e+00 1.457249e+02
-1.678541e+00 -8.923813e-03 6.711278e+00 1.004172e+00 2.132099e+00
2.268704e-01 -5.982101e-01 6.643059e+00 1.000802e+00 4.100520e-01
-8.374148e-01 1.583619e+00 4.571009e+00 1.252355e+00 1.289532e+02
-7.624211e-01 -1.276086e+00 4.198816e+00 1.362529e+00 1.852521e+02
1.729353e+00 -4.142931e-01 4.785927e+00 1.334580e+00 1.709704e+02
-1.386192e-01 -2.522228e-01 4.771775e+00 1.001133e+00 5.788101e-01
-1.642089e+00 -4.421812e-01 4.649639e+00 1.308995e+00 1.578965e+02
6.938063e-01 1.172895e+00 4.147977e+00 1.357651e+00 1.827595e+02
8.421375e-01 1.777694e+00 5.488911e+00 1.346854e+00 1.772422e+02
1.327095e+00 1.008606e+00 5.212302e+00 1.473383e+00 2.418989e+02
-1.160547e+00 5.986531e-02 7.027001e+00 1.413758e+00 2.114302e+02
1.863947e+00 6.183085e-01 5.014726e+00 1.145270e+00 7.423316e+01
6.037230e-01 -1.854481e+00 4.645070e+00 1.326009e+00 1.665907e+02
-1.479069e+00 1.176190e+00 5.146073e+00 1.421191e+00 2.152284e+02
5.796760e-01 -1.342700e+00 6.664398e+00 1.401403e+00 2.051167e+02
1.596563e+00 -6.022598e-01 4.983580e+00 1.356865e+00 1.823580e+02
-3.293760e-01 -1.906053e+00 5.670009e+00 1.355073e+00 1.814425e+02
9.212410e-01 -1.741398e+00 5.735773e+00 1.386141e+00 1.973181e+02
2.822392e-01 9.053885e-01 5.179278e+00 1.438473e+00 2.240595e+02
-1.487022e+00 8.334978e-01 4.969463e+00 1.528740e+00 2.701862e+02
-3.806573e+00 -2.139784e+00 5.007749e+00 1.487112e+01 7.088145e+03
-1.794522e+00 -9.359806e-01 5.226259e+00 1.570852e+01 7.516054e+03
-1.224280e+00 -1.502638e+00 5.021817e+00 1.563399e+01 7.477967e+03
-1.197144e+00 -2.129238e-01 7.218544e+00 1.574197e+00 2.934145e+02
-1.477776e+00 -6.092973e-01 4.839934e+00 1.571734e+01 7.520559e+03
1.335058e+00 1.276906e+00 4.733445e+00 1.416160e+00 2.126576e+02
-2.247661e+00 -6.266619e-01 5.109092e+00 1.572729e+01 7.525647e+03
-1.224428e+00 -8.074848e-01 5.359087e+00 1.376878e+00 1.925846e+02
-8.116423e-01 -4.799887e-01 4.962418e+00 1.561721e+01 7.469395e+03
-1.384288e+00 -1.007790e+00 5.477383e+00 1.341318e+00 1.744135e+02
-1.841892e+00 -1.499683e-01 2.630409e+00 1.004955e+00 2.531968e+00
2.331567e-01 -2.109772e+00 5.399449e+00 1.386573e+00 1.975390e+02
9.990355e-01 8.452541e-01 3.935910e+00 1.421284e+00 2.152761e+02
-1.160942e+00 -1.763902e-01 4.034081e+00 1.390687e+00 1.996413e+02
-1.154535e+00 -1.697112e+00 5.363955e+00 1.424566e+00 2.169530e+02
1.631602e+00 -2.314459e-02 4.470582e+00 1.337745e+00 1.725878e+02
-1.440217e+00 1.032836e+00 3.414605e+00 1.445232e+00 2.275138e+02
-1.622880e-01 1.732186e+00 5.920244e+00 1.398521e+00 2.036443e+02
7.598673e-01 -7.674484e-01 4.082807e+00 1.455463e+00 2.327415e+02
-2.252640e-01 -1.494443e+00 4.393954e+00 1.372093e+00 1.901394e+02
-1.222648e+00 -1.554309e+00 5.107460e+00 1.570284e+01 7.513151e+03
-1.245781e-01 -2.561776e-01 5.419896e+00 1.001781e+00 9.102029e-01
-1.751772e-01 -1.630581e+00 4.537390e+00 1.385334e+00 1.969056e+02
-7.047842e-01 -2.062341e+00 5.512555e+00 1.369271e+00 1.886976e+02
2.215450e-01 -4.506181e-01 6.951297e+00 1.000644e+00 3.289661e-01
-1.964394e+00 -8.948145e-01 5.451529e+00 1.362840e+00 1.854112e+02
-4.414090e+00 -8.973758e-01 4.992135e+00 1.485657e+01 7.080705e+03
-7.533977e-01 1.531523e+00 5.481969e+00 1.306475e+00 1.566089e+02
-7.999366e-01 6.645338e-01 4.132534e+00 1.514222e+00 2.627673e+02
1.576862e-01 5.311539e-01 5.750691e+00 1.004477e+00 2.287912e+00
3.675858e-01 9.612864e-01 5.468318e+00 1.474565e+00 2.425026e+02
6.400785e-01 -8.807302e-01 4.522286e+00 1.429602e+00 2.195269e+02
-3.825653e-01 -1.595445e+00 3.356384e+00 1.423582e+00 2.164507e+02
-1.858406e-01 -1.920944e+00 3.631279e+00 1.007009e+00 3.581775e+00
1.598399e-01 2.028149e+00 5.694960e+00 1.346567e+00 1.770958e+02
-1.245834e+00 1.457096e+00 6.047079e+00 1.409321e+00 2.091629e+02
-1.767171e+00 -1.123814e+00 5.256248e+00 1.570205e+01 7.512749e+03
1.245232e+00 -1.083578e+00 5.573689e+00 1.307634e+00 1.572008e+02
7.792813e-01 -1.523254e+00 5.004099e+00 1.346534e+00 1.770790e+02
1.308647e+00 -5.009608e-01 2.751551e+00 1.496833e+00 2.538818e+02
-7.680308e-01 -1.357557e-01 4.444559e+00 1.535272e+00 2.735238e+02
5.747217e-01 8.022437e-01 5.989140e+00 1.439727e+00 2.247003e+02
-9.733944e-02 -1.946230e+00 5.481457e+00 1.483261e+00 2.469461e+02
-1.835336e+00 3.282499e-01 4.728344e+00 1.568528e+01 7.504179e+03
-3.870502e-01 -1.092148e+00 5.811623e+00 1.378089e+00 1.932036e+02
-1.446012e+00 -1.416945e+00 4.441681e+00 1.294591e+00 1.505361e+02
-2.606001e+00 -8.786790e-01 5.074151e+00 1.567818e+01 7.500552e+03
-1.859526e+00 -5.139604e-01 5.040223e+00 1.575785e+01 7.541261e+03
-2.631904e+00 -1.017397e-01 5.064955e+00 1.566557e+01 7.494104e+03
-2.699669e+00 -5.764192e-01 4.682706e+00 1.566670e+01 7.494682e+03
-2.084499e+00 -9.428126e-01 4.931920e+00 1.575004e+01 7.537272e+03
-5.902993e-02 7.624361e-01 4.353451e+00 1.000489e+00 2.500739e-01
-9.818587e-01 -7.040305e-01 4.329734e+00 1.572864e+00 2.927334e+02
2.328997e-01 -1.010204e-01 5.305372e+00 1.004860e+00 2.483451e+00
1.417690e+00 7.751942e-01 4.860972e+00 1.370678e+00 1.894162e+02
4.774578e-01 1.087222e+00 4.466160e+00 1.389287e+00 1.989255e+02
-1.623864e+00 2.143455e-01 5.302091e+00 1.405758e+00 2.073423e+02
-4.099904e-01 -2.012200e+00 4.079111e+00 1.382580e+00 1.954986e+02
1.610230e+00 -1.025522e+00 4.183557e+00 1.318386e+00 1.626950e+02
1.518582e-01 -1.155399e+00 4.638942e+00 1.442655e+00 2.261966e+02
-1.840008e+00 3.477196e-01 4.979148e+00 1.564118e+01 7.481641e+03
-7.068978e-01 -9.591144e-02 3.418487e+00 1.001673e+00 8.550813e-01
-7.157952e-01 7.622099e-01 6.440748e+00 1.539050e+00 2.754546e+02
-1.763691e+00 2.147825e+00 4.977428e+00 1.487498e+01 7.090114e+03
-1.789188e+00 7.559330e-01 4.426315e+00 1.396484e+00 2.026034e+02
-2.856929e-01 1.776394e+00 5.618613e+00 1.402883e+00 2.058730e+02
-2.927036e+00 -2.811332e+00 5.015866e+00 1.486879e+01 7.086954e+03
-2.344524e+00 5.499240e-01 4.848960e+00 1.567546e+01 7.499162e+03
1.285534e+00 8.863396e-01 4.557427e+00 1.448200e+00 2.290302e+02
6.831208e-01 1.332715e+00 1.812946e+00 1.002085e+00 1.065354e+00
-1.301707e+00 3.858217e-01 5.089014e+00 1.563364e+01 7.477788e+03
-1.239367e+00 -1.670418e-01 5.013368e+00 1.570925e+01 7.516427e+03
-1.593831e-01 -3.110133e-01 4.967012e+00 1.002115e+00 1.080991e+00
-1.127346e+00 -1.890280e+00 5.563960e+00 1.374043e+00 1.911361e+02
-1.291895e+00 -8.755436e-01 3.890020e+00 1.401885e+00 2.053630e+02
-2.250836e+00 -7.846478e-01 5.179743e+00 1.566229e+01 7.492429e+03
1.406703e+00 -2.035833e-01 6.271471e+00 1.423617e+00 2.164683e+02
-1.210528e+00 8.181556e-01 5.189042e+00 1.368808e+00 1.884607e+02
-2.948368e-01 -1.990205e+00 5.043150e+00 1.345508e+00 1.765548e+02
-1.991512e+00 -2.726277e-01 4.839069e+00 1.380914e+00 1.946473e+02
1.931126e+00 4.748078e-01 4.437182e+00 1.387190e+00 1.978540e+02
-1.795771e-01 8.560483e-01 4.477709e+00 1.001771e+00 9.052193e-01
-1.095708e+00 9.383142e-01 6.897407e+00 1.003906e+00 1.996125e+00
-1.706352e+00 2.766226e-01 5.310270e+00 1.302954e+00 1.548096e+02
-2.096979e+00 -1.293577e+00 4.865717e+00 1.569652e+01 7.509919e+03
5.365321e-01 -8.974733e-01 6.335574e+00 1.443204e+00 2.264774e+02
-2.386304e+00 -6.541054e-02 5.242234e+00 1.571285e+01 7.518267e+03
-1.551551e-01 -7.524122e-03 6.074970e+00 1.001492e+00 7.622316e-01
-1.087257e+00 1.504645e+00 3.201870e+00 1.004679e+00 2.390863e+00
-1.581460e+00 -8.895174e-01 4.604859e+00 1.381331e+00 1.948599e+02
1.227094e+00 7.461525e-01 4.780677e+00 1.394321e+00 2.014981e+02
1.029515e+00 -1.228299e+00 5.026478e+00 1.382598e+00 1.955076e+02
2.003363e+00 8.106783e-01 4.024228e+00 1.403574e+00 2.062261e+02
-2.448229e+00 -5.797589e-01 4.926069e+00 1.569777e+01 7.510561e+03
6.484949e-03 -1.071241e+00 5.425283e+00 1.383290e+00 1.958611e+02
-1.385358e+00 6.792830e-01 6.155200e+00 1.416932e+00 2.130522e+02
-1.026567e+00 -5.140978e-01 6.267317e+00 1.413301e+00 2.111966e+02
6.709271e-01 1.381799e+00 5.901765e+00 1.335861e+00 1.716248e+02
6.639717e-01 -1.136465e+00 4.923097e+00 1.378962e+00 1.936498e+02
-8.726399e-01 3.083790e-01 4.691549e+00 1.411959e+00 2.105109e+02
-1.397871e+00 -3.432671e-01 5.577215e+00 1.357382e+00 1.826223e+02
1.077870e+00 -3.485781e-01 4.994786e+00 1.373231e+00 1.907211e+02
-1.886801e+00 -1.006672e+00 4.150402e+00 1.411952e+00 2.105076e+02
-4.135993e-01 1.691462e+00 5.297531e+00 1.327159e+00 1.671780e+02
-1.986074e+00 -5.194828e-01 3.891636e+00 1.375382e+00 1.918203e+02
1.080971e+00 -1.567042e+00 5.765434e+00 1.404972e+00 2.069405e+02
3.991736e-01 -9.912861e-01 4.766757e+00 1.387382e+00 1.979520e+02
1.067616e+00 -8.794020e-01 4.789767e+00 1.366437e+00 1.872492e+02
-6.356927e-01 1.061753e+00 7.742828e+00 1.001301e+00 6.647308e-01
8.887814e-01 -1.729220e+00 4.988408e+00 1.336315e+00 1.718572e+02
-2.436331e-01 -1.174083e+00 6.382063e+00 1.397264e+00 2.030018e+02
-1.161344e+00 5.308414e-01 3.754619e+00 1.432792e+00 2.211566e+02
-2.031354e+00 3.343012e-01 4.992393e+00 1.566950e+01 7.496114e+03
4.865421e-01 -8.127065e-01 3.463966e+00 1.510851e+00 2.610450e+02
-1.062064e+00 -8.032444e-01 4.124116e+00 1.350927e+00 1.793236e+02
-2.812567e-02 -4.198636e-01 3.700088e+00 1.000868e+00 4.435343e-01
2.566848e-02 -5.596685e-01 5.094456e+00 1.000089e+00 4.535058e-02
-7.454918e-01 -7.479456e-01 3.753756e+00 1.000263e+00 1.345055e-01
-1.249915e+00 1.544859e-01 5.679557e+00 1.365428e+00 1.867336e+02
-1.114174e+00 7.805599e-01 5.712114e+00 1.414768e+00 2.119463e+02
-1.294790e+00 -5.090545e-01 4.814540e+00 1.333706e+00 1.705235e+02
1.428547e-01 1.048811e+00 4.027131e+00 1.468645e+00 2.394774e+02
8.977278e-01 -1.062960e+00 3.761561e+00 1.000319e+00 1.629907e-01
5.908906e-01 1.726603e+00 5.960096e+00 1.508275e+00 2.597287e+02
-1.592961e+00 -4.885913e-01 4.953546e+00 1.573820e+01 7.531220e+03
8.594491e-01 1.674105e+00 4.778927e+00 1.102847e+00 5.255484e+01
1.049648e+00 1.359306e-01 3.105949e+00 1.432985e+00 2.212551e+02
-1.246377e+00 -7.444556e-01 3.452482e+00 1.394115e+00 2.013930e+02
-9.640606e-01 9.245288e-01 3.466972e+00 1.000772e+00 3.945795e-01
-9.279234e-01 1.066992e+00 4.304859e+00 1.382830e+00 1.956263e+02
1.640569e-01 -1.623160e+00 4.325442e+00 1.398577e+00 2.036730e+02
-1.397389e+00 4.841742e-01 4.467155e+00 1.006564e+00 3.354186e+00
-1.760387e+00 6.806276e-01 5.083547e+00 1.415091e+00 2.121117e+02
-1.221790e-01 -2.136943e+00 4.356341e+00 1.482236e+00 2.464226e+02
-1.503289e+00 -7.842946e-02 7.354133e+00 1.409566e+00 2.092881e+02
2.534811e-01 2.433242e-01 4.532852e+00 1.001468e+00 7.501104e-01
3.528542e-02 2.237150e-01 3.693558e+00 1.006987e+00 3.570403e+00
-1.936161e+00 8.523395e-01 4.751628e+00 1.570169e+01 7.512562e+03
-1.129923e+00 -3.384332e-02 3.226898e+00 1.575312e+00 2.939842e+02
-4.183250e-02 -1.514679e+00 5.219197e+00 1.362658e+00 1.853184e+02
-6.039491e-01 7.308147e-01 5.355956e+00 1.406787e+00 2.078680e+02
1.002965e+00 3.497500e-02 6.507519e+00 1.412034e+00 2.105494e+02
-3.449520e-01 -1.259551e+00 5.148894e+00 1.007581e+00 3.873679e+00
-3.482578e+00 -2.390305e+00 4.983145e+00 1.491081e+01 7.108424e+03
-1.805541e+00 6.358700e-01 5.434920e+00 1.338906e+00 1.731810e+02
-1.016396e+00 -9.187484e-01 4.917275e+00 1.567584e+01 7.499356e+03
-5.609199e-01 1.927157e+00 5.621741e+00 1.379878e+00 1.941177e+02
-1.893005e+00 3.590677e-01 4.550520e+00 1.304284e+00 1.554893e+02
6.185146e-01 -3.969202e-01 3.357233e+00 1.001524e+00 7.785417e-01
-1.273267e+00 8.274623e-01 6.638124e+00 1.431008e+00 2.202450e+02
8.395870e-01 1.676287e+00 3.032010e+00 1.012692e+00 6.485770e+00
1.352067e+00 -1.349230e+00 4.968192e+00 1.395811e+00 2.022593e+02
-2.549471e+00 8.713921e-01 5.077278e+00 1.565070e+01 7.486507e+03
-9.689614e-01 4.844704e-02 4.115617e+00 1.413190e+00 2.111402e+02
1.984385e+00 -2.146146e-01 5.276703e+00 1.350180e+00 1.789422e+02
2.059637e+00 -1.463508e-01 4.548188e+00 1.334035e+00 1.706920e+02
5.441450e-01 9.579247e-01 4.074473e+00 1.892182e+00 4.559050e+02
-2.198482e-01 1.769405e+00 5.010472e+00 1.390594e+00 1.995936e+02
6.426426e-01 -1.707169e+00 4.716000e+00 1.346852e+00 1.772413e+02
-1.346035e+00 -6.241306e-01 5.347775e+00 1.338812e+00 1.731330e+02
5.001554e-02 -1.400289e+00 5.022235e+00 1.434508e+00 2.220335e+02
5.780834e-01 -1.150685e+00 7.146935e+00 1.413304e+00 2.111983e+02
-8.860682e-01 9.764711e-01 1.937347e+00 1.001369e+00 6.997164e-01
-1.129342e+00 -9.271478e-01 3.952890e+00 1.436556e+00 2.230801e+02
2.104258e-01 4.453999e-01 6.847862e+00 1.001124e+00 5.745806e-01
3.621351e-01 1.659126e-01 6.761856e+00 1.000906e+00 4.631581e-01
-1.215713e+00 -3.012929e-01 5.045205e+00 1.572626e+01 7.525120e+03
1.674052e+00 -4.857048e-01 3.613426e+00 1.006469e+00 3.305910e+00
1.379015e-01 1.308035e+00 5.168654e+00 1.306644e+00 1.566951e+02
1.366757e+00 -1.131109e+00 5.530846e+00 1.363648e+00 1.858239e+02
8.301857e-01 -1.704109e+00 5.371104e+00 1.324251e+00 1.656922e+02
-2.000547e+00 5.408665e-02 4.890868e+00 1.574294e+01 7.533642e+03
-1.669025e+00 3.573713e-01 5.166811e+00 1.571967e+01 7.521753e+03
-6.600083e-01 -9.025897e-01 3.812764e+00 1.452380e+00 2.311661e+02
1.019271e+00 9.473224e-01 5.608298e+00 1.360399e+00 1.841637e+02
-8.045628e-01 3.538718e-01 1.109568e+00 1.513729e+00 2.625156e+02
6.697580e-01 1.903556e+00 4.858827e+00 1.356467e+00 1.821548e+02
7.943418e-01 -1.384225e+00 6.309414e+00 1.363563e+00 1.857807e+02
8.851011e-01 1.205352e+00 4.208658e+00 1.383940e+00 1.961933e+02
-1.822394e+00 -5.386605e-01 5.017015e+00 1.574896e+01 7.536717e+03
1.196990e-01 -1.993529e+00 4.082454e+00 1.414403e+00 2.117601e+02
-9.795647e-01 -1.873439e+00 5.507539e+00 1.490707e+00 2.507514e+02
1.000005e+00 6.497407e-01 4.125795e+00 1.454461e+00 2.322296e+02
1.314046e+00 7.896889e-01 4.944440e+00 1.017832e+00 9.112152e+00
1.961228e+00 -5.158088e-02 4.663656e+00 1.357897e+00 1.828854e+02
-1.478358e+00 3.642948e-01 4.450721e+00 1.338851e+00 1.731528e+02
-1.005295e+00 -5.544840e-01 4.479944e+00 1.393172e+00 2.009109e+02
1.034348e+00 -6.184081e-01 4.373086e+00 1.372996e+00 1.906009e+02
7.557421e-02 1.214982e+00 3.233823e+00 1.556390e+00 2.843154e+02
3.392426e-01 1.692010e+00 4.113965e+00 1.350705e+00 1.792102e+02
2.446272e-01 1.419325e+00 2.924874e+00 1.352667e+00 1.802128e+02
-8.723200e-02 -9.112609e-01 2.778446e+00 1.448373e+00 2.291187e+02
1.741700e+00 5.208296e-01 4.821859e+00 1.512088e+00 2.616771e+02
-1.712125e+00 1.730640e-01 4.952782e+00 1.562802e+01 7.474919e+03
-2.625512e-01 -1.623994e+00 5.682741e+00 1.294206e+00 1.503393e+02
-9.394968e-01 -5.266458e-01 5.960997e+00 1.408253e+00 2.086173e+02
8.874328e-01 -1.749713e+00 4.577388e+00 1.411397e+00 2.102239e+02
3.714301e-01 -1.695876e+00 3.913996e+00 1.327536e+00 1.673708e+02
1.398358e+00 -1.518312e+00 5.507845e+00 1.345166e+00 1.763797e+02
-1.568711e+00 9.086696e-02 5.115673e+00 1.342475e+00 1.750046e+02
-1.958851e+00 -5.898756e-01 5.071188e+00 1.574003e+01 7.532157e+03
-5.832020e-01 1.604370e+00 5.843043e+00 1.335223e+00 1.712989e+02
-3.371612e-01 8.014507e-02 2.439295e+00 1.001365e+00 6.976021e-01
-2.094628e-01 -8.395771e-03 4.718848e+00 1.001720e+00 8.791451e-01
-1.631226e+00 6.180087e-01 6.175258e+00 1.004746e+00 2.425274e+00
-1.301792e+00 8.974189e-01 5.626690e+00 1.301205e+00 1.539159e+02
-8.379617e-01 1.745171e+00 4.709815e+00 1.166121e+00 8.488764e+01
-2.439950e-01 8.029906e-01 3.257742e+00 1.496108e+00 2.535110e+02
1.243803e+00 3.338672e-01 3.838642e+00 1.425633e+00 2.174982e+02
-2.262133e+00 -7.017059e-01 4.913384e+00 1.570136e+01 7.512394e+03
-2.458562e+00 -9.516367e-01 5.173376e+00 1.570880e+01 7.516196e+03
-6.966352e-01 1.415814e+00 3.237352e+00 1.403923e+00 2.064046e+02
-3.141105e-02 -1.430208e+00 4.997089e+00 1.421971e+00 2.156270e+02
1.190170e+00 -1.627876e+00 4.489081e+00 1.359473e+00 1.836905e+02
-6.699051e-01 1.712781e+00 4.640742e+00 1.317553e+00 1.622698e+02
-2.242919e+00 6.638270e-01 5.330615e+00 1.563836e+01 7.480203e+03
-1.313829e+00 1.581703e-02 5.263750e+00 1.570276e+01 7.513112e+03
-1.849445e-01 1.321835e+00 4.681794e+00 1.344651e+00 1.761168e+02
1.636912e+00 -8.956635e-01 5.014914e+00 1.320503e+00 1.637770e+02
-1.103742e+00 8.561672e-01 4.004807e+00 1.392049e+00 2.003368e+02
1.476872e+00 2.963739e-01 6.480269e+00 1.518839e+00 2.651266e+02
3.582536e-03 -1.395527e-01 3.852746e+00 1.000612e+00 3.129648e-01
4.798829e-01 1.766527e+00 5.309355e+00 1.342146e+00 1.748367e+02
-3.966227e-01 -2.238979e+00 5.164165e+00 1.355269e+00 1.815426e+02
-7.295775e-01 -1.025805e+00 3.567011e+00 1.450681e+00 2.302982e+02
-2.089717e-01 1.774022e+00 5.080809e+00 1.309774e+00 1.582944e+02
-1.081565e+00 -1.817013e-01 4.803888e+00 1.571184e+01 7.517750e+03
-1.555462e+00 -8.329044e-01 5.991917e+00 1.535328e+00 2.735528e+02
8.737086e-01 1.928428e-01 4.831186e+00 1.499311e+00 2.551481e+02
-1.003733e+00 5.964690e-01 3.635992e+00 1.386313e+00 1.974060e+02
-2.038042e+00 -1.318395e+00 4.730240e+00 1.566239e+01 7.492480e+03
-1.901720e+00 -8.896903e-01 4.313086e+00 1.648449e+00 3.313577e+02
1.424524e+00 -8.824774e-01 6.270319e+00 1.475401e+00 2.429301e+02
-1.053455e+00 -1.324697e+00 5.365513e+00 1.418251e+00 2.137263e+02
-2.022013e+00 6.932290e-01 5.796570e+00 1.389597e+00 1.990839e+02
-1.602248e+00 -5.359072e-01 5.178503e+00 1.574589e+01 7.535150e+03
3.941981e-01 1.093182e+00 4.798991e+00 1.436965e+00 2.232890e+02
1.074313e+00 1.251865e-01 5.016993e+00 1.429006e+00 2.192218e+02
-1.175264e+00 -1.155850e+00 4.369175e+00 1.336141e+00 1.717678e+02
-7.406375e-01 -7.680293e-01 4.967134e+00 1.420551e+00 2.149015e+02
-6.933760e-01 -1.348516e+00 4.817070e+00 1.390861e+00 1.997298e+02
6.964462e-01 1.714588e+00 4.342458e+00 1.390947e+00 1.997737e+02
-1.409153e+00 -6.647252e-01 5.967715e+00 1.363582e+00 1.857903e+02
9.646313e-01 -1.180044e+00 4.773175e+00 1.004914e+00 2.510879e+00
1.104136e+00 -1.230862e+00 4.813474e+00 1.323425e+00 1.652701e+02
-1.065715e+00 -5.592750e-01 3.689044e+00 1.411712e+00 2.103847e+02
9.613753e-01 -6.742752e-01 3.969230e+00 1.480801e+00 2.456894e+02
1.467563e+00 -4.301955e-01 5.721425e+00 1.398645e+00 2.037078e+02
5.188974e-01 -1.116049e+00 5.007519e+00 1.491141e+01 7.108732e+03
1.656535e+00 -1.036501e+00 4.978034e+00 1.487449e+00 2.490865e+02
1.043835e+00 -1.690382e+00 4.733791e+00 1.304637e+00 1.556696e+02
1.536831e+00 1.208077e+00 5.214280e+00 1.484710e+00 2.476867e+02
-9.774465e-02 -5.141810e-01 4.647422e+00 1.000646e+00 3.299438e-01
-1.420850e+00 4.263362e-01 5.068489e+00 1.569738e+01 7.510361e+03
-2.417322e+00 -8.166026e-01 5.104068e+00 1.569594e+01 7.509625e+03
1.810394e+00 -2.590540e-01 4.888450e+00 1.396316e+00 2.025172e+02
8.801242e-01 -3.998015e-01 3.778228e+00 1.454595e+00 2.322981e+02
-6.468940e-01 3.536770e-01 4.983767e+00 1.479274e+00 2.449091e+02
-8.346687e-01 -7.220953e-01 5.007744e+00 1.380783e+00 1.945800e+02
-1.464912e+00 -5.116381e-01 5.740130e+00 1.247975e+00 1.267154e+02
4.197288e-01 -1.245752e+00 6.039287e+00 1.429189e+00 2.193156e+02
-4.683203e-01 1.715712e+00 5.591477e+00 1.376755e+00 1.925217e+02
-1.291136e-01 1.473568e+00 4.263142e+00 1.352635e+00 1.801967e+02
-1.061298e+00 -7.874380e-03 4.931899e+00 1.559280e+01 7.456923e+03
-2.463804e+00 1.904825e-01 4.964055e+00 1.566944e+01 7.496084e+03
7.491001e-02 -2.378547e-01 5.845125e+00 1.004110e+00 2.100171e+00
-1.494521e+00 -2.580898e-01 4.420793e+00 1.473008e+00 2.417070e+02
1.547911e+00 8.555616e-01 5.077539e+00 1.353451e+00 1.806133e+02
-1.708638e+00 -2.857751e-01 5.636127e+00 1.383164e+00 1.957966e+02
-1.005386e+00 -1.841527e-01 5.048992e+00 1.569783e+01 7.510593e+03
-1.491961e+00 -4.407628e-01 5.005100e+00 1.574509e+01 7.534742e+03
-1.073473e-01 1.761906e+00 4.743820e+00 1.002800e+00 1.430758e+00
-9.199907e-01 7.842451e-01 4.949586e+00 1.004826e+00 2.466212e+00
-3.596568e-01 -1.038624e+00 3.546965e+00 1.478948e+00 2.447424e+02
-7.847525e-01 7.780540e-01 4.263047e+00 1.470212e+00 2.402784e+02
-1.438947e+00 1.109804e+00 5.095382e+00 1.427805e+00 2.186085e+02
-6.712580e-01 -1.317966e+00 5.920765e+00 1.387924e+00 1.982291e+02
1.127527e-01 1.058196e+00 4.887258e+00 1.420908e+00 2.150842e+02
1.276050e+00 5.239688e-01 5.170975e+00 1.290138e+00 1.482607e+02
-1.019428e+00 -5.298922e-01 7.294579e+00 1.577838e+00 2.952753e+02
1.135557e+00 -4.452891e-01 5.290267e+00 1.393159e+00 2.009044e+02
1.762447e-01 -1.422441e+00 6.012117e+00 1.321678e+00 1.643776e+02
-9.553381e-01 -1.145710e+00 3.738850e+00 1.399989e+00 2.043946e+02
-3.539755e-01 -1.330225e-01 4.997981e+00 1.000605e+00 3.093844e-01
-1.461586e+00 -3.692720e-01 4.601210e+00 1.370216e+00 1.891804e+02
1.279356e+00 1.375091e+00 4.417406e+00 1.388672e+00 1.986114e+02
-6.276351e-01 -8.685230e-01 6.263440e+00 1.005993e+00 3.062449e+00
3.922889e-01 -2.151754e-01 6.137480e+00 1.001095e+00 5.594965e-01
-4.405538e-01 -2.043852e+00 4.294880e+00 1.346642e+00 1.771339e+02
-2.195194e+00 1.837552e-01 4.892717e+00 1.568780e+01 7.505464e+03
-1.512108e+00 -6.418690e-01 5.042164e+00 1.567950e+01 7.501224e+03
-1.887080e+00 2.503223e-01 5.278852e+00 1.362989e+00 1.854873e+02
5.082998e-01 1.003610e+00 5.458033e+00 1.390538e+00 1.995650e+02
-5.018819e-02 1.330292e+00 6.030612e+00 1.443758e+00 2.267601e+02
1.628450e+00 -3.585986e-01 4.055227e+00 1.415223e+00 2.121789e+02
3.198078e-01 -7.821819e-01 5.695853e+00 1.009642e+00 4.927082e+00
1.197361e-01 -5.265974e-01 5.682265e+00 1.005157e+00 2.635039e+00
1.341224e+00 -6.055485e-03 5.613066e+00 1.301740e+00 1.541890e+02
8.987874e-01 -1.821283e+00 4.868127e+00 1.456534e+00 2.332889e+02
1.264572e+00 -8.129764e-01 5.572310e+00 1.314307e+00 1.606108e+02
-1.211365e+00 -1.173815e+00 4.848812e+00 1.298596e+00 1.525826e+02
-7.858387e-01 -1.485562e+00 4.915080e+00 1.321682e+00 1.643798e+02
-1.067315e+00 2.078498e-01 5.201436e+00 1.374491e+00 1.913651e+02
-2.290884e+00 -9.720647e-02 5.160625e+00 1.572307e+01 7.523488e+03
-1.213086e+00 -8.490757e-01 4.895847e+00 1.416084e+00 2.126187e+02
-1.486532e+00 6.794697e-01 6.617744e+00 1.012189e+00 6.228518e+00
-1.195796e+00 -1.870177e+00 5.984298e+00 1.374137e+00 1.911841e+02
1.315077e+00 -2.682895e-01 7.156579e+00 1.459731e+00 2.349227e+02
-2.480996e-01 4.295425e-01 2.058994e+00 1.003837e+00 1.960558e+00
-2.458440e+00 2.778037e-01 4.705332e+00 1.569032e+01 7.506753e+03
-1.819333e+00 -3.282961e-01 4.954419e+00 1.577626e+01 7.550670e+03
8.426247e-01 6.853342e-01 4.288295e+00 1.425253e+00 2.173042e+02
1.151927e+00 5.632692e-01 6.254827e+00 1.407590e+00 2.082783e+02
5.839197e-01 1.775600e+00 5.055632e+00 1.358438e+00 1.831620e+02
-1.036666e+00 -6.825292e-01 6.182830e+00 1.461804e+00 2.359818e+02
-1.038827e-01 1.612060e+00 4.249654e+00 1.006806e+00 3.477929e+00
1.768591e+00 2.235239e-01 4.680119e+00 1.443775e+00 2.267693e+02
3.788233e-01 1.955240e+00 5.587581e+00 1.588607e+00 3.007781e+02
-8.571976e-01 -5.550970e-01 6.940632e+00 1.775465e+00 3.962625e+02
7.629775e-01 -4.078960e-01 4.956173e+00 1.486389e+00 2.485449e+02
-8.968784e-01 3.098866e-01 6.846990e+00 1.575546e+00 2.941040e+02
1.017330e+00 -8.019879e-01 6.945506e+00 1.003757e+00 1.919822e+00
-3.927367e-01 -1.492119e+00 3.999920e+00 1.417388e+00 2.132853e+02
1.170902e+00 -3.618595e-01 4.933255e+00 1.383618e+00 1.960289e+02
1.833800e+00 4.548410e-01 4.509163e+00 1.374400e+00 1.913185e+02
-1.066922e+00 -9.831139e-01 5.097686e+00 1.363687e+00 1.858438e+02
1.640358e+00 3.631031e-01 4.338151e+00 1.331729e+00 1.695133e+02
4.882749e-01 1.422687e+00 5.348321e+00 1.369309e+00 1.887167e+02
-1.716124e+00 4.463920e-02 4.840465e+00 1.574576e+01 7.535083e+03
9.670733e-02 -1.532385e+00 6.019569e+00 1.425684e+00 2.175243e+02
-2.746787e+00 -1.552873e-01 5.056182e+00 1.570448e+01 7.513991e+03
-1.618437e+00 -4.821761e-02 4.549365e+00 1.321203e+00 1.641345e+02
1.191635e+00 -1.271794e-02 4.087508e+00 1.392181e+00 2.004044e+02
-6.380022e-01 -5.431909e-01 2.948967e+00 1.843338e+00 4.309460e+02
1.706139e+00 4.450277e-01 4.928502e+00 1.309210e+00 1.580062e+02
-2.048365e+00 2.241101e-01 4.682212e+00 1.291666e+00 1.490413e+02
-7.993290e-01 1.069673e+00 6.431301e+00 1.506376e+00 2.587579e+02
-1.534364e+00 -1.057035e+00 5.170010e+00 1.573071e+01 7.527394e+03
-1.066632e-01 1.143311e+00 5.849175e+00 1.396666e+00 2.026964e+02
-7.679693e-01 2.094443e-01 4.062456e+00 1.457523e+00 2.337940e+02
4.892119e-01 1.011494e+00 5.337113e+00 1.432971e+00 2.212480e+02
1.484725e+00 3.473706e-01 4.392635e+00 1.421899e+00 2.155905e+02
-2.825522e-01 1.047997e+00 3.953260e+00 1.532764e+00 2.722426e+02
8.886326e-01 -1.037327e+00 5.709290e+00 1.395896e+00 2.023026e+02
-1.251965e+00 -1.051800e+00 5.045766e+00 1.568170e+01 7.502348e+03
1.374784e+00 1.807211e+00 5.802231e+00 1.282608e+00 1.444128e+02
9.474131e-02 -1.861794e+00 5.432359e+00 1.348152e+00 1.779058e+02
1.812228e+00 -1.081750e+00 5.657082e+00 1.478707e+00 2.446193e+02
2.148934e-02 -2.100339e+00 4.301251e+00 1.305332e+00 1.560244e+02
-1.333458e-01 -4.278799e-01 4.860488e+00 1.000835e+00 4.266043e-01
-2.433752e-01 1.303367e+00 4.369459e+00 1.467622e+00 2.389549e+02
-9.115727e-01 -2.012781e-01 3.850858e+00 1.425503e+00 2.174321e+02
-3.473963e-01 -7.873115e-01 3.466448e+00 1.460331e+00 2.352289e+02
-8.041148e-01 -1.492313e+00 5.546352e+00 1.316609e+00 1.617872e+02
3.175784e-01 -1.051015e+00 5.939428e+00 1.385424e+00 1.969515e+02
1.721945e+00 -8.452641e-01 4.893906e+00 1.011162e+00 5.703565e+00
-9.357914e-01 -7.278209e-01 5.387928e+00 1.399865e+00 2.043312e+02
-7.569296e-01 -3.777322e-01 4.698609e+00 1.491203e+00 2.510046e+02
1.122195e+00 -4.873536e-01 4.843590e+00 1.379500e+00 1.939246e+02
-3.475557e+00 1.671614e+00 4.990900e+00 1.486209e+01 7.083528e+03
8.368611e-01 -1.627404e+00 5.514488e+00 1.382038e+00 1.952213e+02
-1.665703e+00 -1.115125e+00 5.851131e+00 1.409936e+00 2.094774e+02
-7.532771e-01 -4.117898e-01 2.426782e+00 1.587450e+00 3.001868e+02
-1.762151e+00 -9.978012e-01 5.406234e+00 1.481362e+00 2.459761e+02
9.244150e-01 9.744185e-01 5.987888e+00 1.362995e+00 1.854903e+02
2.647386e-01 -1.086554e+00 5.083517e+00 1.415964e+00 2.125577e+02
-6.178615e-01 1.774090e+00 5.035477e+00 1.224042e+00 1.144853e+02
-1.155309e+00 1.036764e+00 3.689396e+00 1.409644e+00 2.093280e+02
2.263403e+00 4.473163e-01 4.803467e+00 1.435624e+00 2.226039e+02
-1.706101e-01 3.760566e-01 4.516695e+00 1.000846e+00 4.323931e-01
1.825913e+00 -1.094565e-01 5.203170e+00 1.369291e+00 1.887075e+02
8.842446e-01 9.920993e-01 5.062106e+00 1.497310e+00 2.541257e+02
3.462317e-01 1.338641e+00 7.252685e+00 1.000806e+00 4.117720e-01
-1.171924e+00 1.636343e+00 5.614368e+00 1.353326e+00 1.805497e+02
1.985511e+00 7.359227e-01 4.883385e+00 1.488913e+00 2.498344e+02
-1.609293e+00 -1.062880e+00 5.353848e+00 1.323020e+00 1.650630e+02
1.005058e+00 -8.021076e-01 4.883645e+00 1.397753e+00 2.032517e+02
-2.886460e+00 -2.744000e-02 4.752036e+00 1.565039e+01 7.486349e+03
9.217864e-01 -1.583309e+00 4.870102e+00 1.364085e+00 1.860473e+02
-1.461782e+00 -4.522087e-01 6.230438e+00 1.383449e+00 1.959425e+02
1.824724e+00 6.961273e-01 4.832084e+00 1.340588e+00 1.740407e+02
-8.394455e-01 1.064061e+00 4.497731e+00 1.452127e+00 2.310369e+02
-1.288329e+00 5.829792e-01 4.745709e+00 1.389712e+00 1.991430e+02
-2.362503e+00 -1.039515e+00 5.117853e+00 1.569909e+01 7.511235e+03
-7.178752e-01 -8.240218e-01 3.846342e+00 1.551555e+00 2.818445e+02
-1.189116e+00 -9.423607e-01 4.968132e+00 1.563262e+01 7.477266e+03
-7.523943e-01 4.885300e-01 5.326123e+00 1.003335e+00 1.704163e+00
1.475462e-01 -1.311370e+00 5.806597e+00 1.465426e+00 2.378325e+02
5.615962e-01 7.238943e-01 5.502247e+00 1.437412e+00 2.235174e+02
7.042737e-01 1.191079e+00 4.830473e+00 1.438660e+00 2.241551e+02
9.859183e-01 -1.394040e+00 5.013163e+00 1.303571e+00 1.551246e+02
-1.923841e+00 -9.932175e-01 4.888864e+00 1.574515e+01 7.534770e+03
1.041350e+00 -1.056349e+00 5.411100e+00 1.002657e+00 1.357705e+00
-6.412265e-01 1.476149e+00 5.100872e+00 1.300840e+00 1.537290e+02
-4.535609e-01 1.850213e+00 5.929727e+00 1.507221e+00 2.591898e+02
1.661592e+00 -8.963880e-01 5.087966e+00 1.356744e+00 1.822963e+02
-5.074822e-01 -9.465106e-01 8.026332e+00 1.559690e+00 2.860017e+02
1.546010e+00 -6.563024e-01 4.946341e+00 1.390567e+00 1.995800e+02
7.211978e-01 -1.721571e+00 4.721854e+00 1.006861e+00 3.506106e+00
-5.190932e-01 1.228150e+00 1.647618e+00 1.000290e+00 1.481304e-01
1.223221e+00 -1.077486e+00 6.078058e+00 1.429025e+00 2.192318e+02
1.428281e+00 -5.970415e-01 6.092184e+00 1.440436e+00 2.250629e+02
-9.375865e-01 1.244574e+00 5.300667e+00 1.332339e+00 1.698253e+02
-6.854990e-01 1.172363e+00 4.518321e+00 1.377212e+00 1.927552e+02
-1.186961e+00 -9.499035e-01 5.735530e+00 1.335444e+00 1.714117e+02
-6.422838e-01 -1.554073e+00 5.007734e+00 1.475374e+00 2.429162e+02
-1.866825e-01 1.204339e+00 5.966087e+00 1.428980e+00 2.192088e+02
1.293270e+00 -1.593345e+00 4.153597e+00 1.406667e+00 2.078069e+02
1.216518e+00 -1.555633e+00 5.226016e+00 1.250994e+00 1.282578e+02
1.963336e+00 8.403665e-01 5.699567e+00 1.415758e+00 2.124521e+02
8.333248e-01 -9.508656e-01 4.310571e+00 1.332331e+00 1.698212e+02
4.174864e-02 2.138335e+00 4.890226e+00 1.363365e+00 1.856794e+02
-2.323945e+00 -8.511253e-01 4.873060e+00 1.570491e+01 7.514211e+03
-1.055123e+00 -2.282540e-01 3.414739e+00 1.415002e+00 2.120661e+02
-2.580385e+00 -2.812713e-01 5.139817e+00 1.568706e+01 7.505089e+03
1.065780e+00 2.123384e-01 3.490704e+00 1.428837e+00 2.191358e+02
1.056966e+00 1.806325e+00 5.256016e+00 1.513863e+00 2.625841e+02
-1.461067e+00 1.443789e-01 4.446240e+00 1.002263e+00 1.156420e+00
5.833097e-01 3.182729e-01 4.999457e+00 1.485104e+01 7.077880e+03
3.246805e-01 9.049216e-01 4.550593e+00 1.405737e+00 2.073314e+02
-1.583791e+00 1.100725e+00 4.642742e+00 1.358137e+00 1.830078e+02
1.247209e+00 -4.522414e-01 6.368172e+00 1.387507e+00 1.980162e+02
1.308865e+00 -6.019248e-01 5.482256e+00 1.406685e+00 2.078160e+02
1.219839e+00 -3.975507e-01 7.437057e+00 1.001054e+00 5.384247e-01
-1.442187e-01 -1.620343e+00 5.641066e+00 1.425032e+00 2.171912e+02
-2.332868e-01 1.587822e+00 3.772777e+00 1.311913e+00 1.593876e+02
1.427153e+00 -9.469013e-01 4.510018e+00 1.323352e+00 1.652328e+02
-1.229755e+00 3.006871e-01 5.256704e+00 1.395465e+00 2.020828e+02
-4.773207e-01 -1.523115e+00 3.981556e+00 1.004252e+00 2.172558e+00
-4.790171e-01 1.673462e+00 4.070690e+00 1.285501e+00 1.458908e+02
1.357787e+00 -1.330838e+00 4.439417e+00 1.371200e+00 1.896832e+02
7.024412e-01 9.151202e-01 4.988523e+00 1.403797e+00 2.063404e+02
-1.436065e+00 -4.996313e-01 4.045414e+00 1.371391e+00 1.897810e+02
1.513957e+00 -9.096132e-01 5.224117e+00 1.433471e+00 2.215037e+02
-9.770073e-01 1.544326e+00 4.719441e+00 1.356367e+00 1.821034e+02
-1.657712e+00 1.379177e+00 5.116149e+00 1.159634e+00 8.157313e+01
-3.910473e-01 1.188743e+00 5.155401e+00 1.409907e+00 2.094625e+02
-7.607561e-01 -9.271871e-01 5.485206e+00 1.005823e+00 2.975530e+00
-7.811243e-01 -1.131524e+00 4.511958e+00 1.417540e+00 2.133629e+02
1.493088e+00 -1.051094e+00 4.788173e+00 1.374934e+00 1.915914e+02
-1.727561e+00 3.095785e-01 4.827475e+00 1.566007e+01 7.491296e+03
-7.547992e-01 1.819258e+00 4.395540e+00 1.485056e+00 2.478634e+02
4.969839e-02 -1.511474e+00 5.873114e+00 1.363626e+00 1.858127e+02
-4.067072e-02 1.481117e+00 5.900073e+00 1.350421e+00 1.790653e+02
1.415500e+00 -5.839643e-01 5.461124e+00 1.389391e+00 1.989789e+02
-7.562005e-01 9.512744e-01 4.429053e+00 1.394011e+00 2.013395e+02
-1.668150e+00 7.802845e-01 5.103890e+00 1.280233e+00 1.431992e+02
4.951547e-02 1.632186e-01 4.856843e+00 1.005578e+00 2.850433e+00
1.233575e+00 -7.689349e-01 5.028713e+00 1.368464e+00 1.882850e+02
-2.880103e+00 -1.680486e-01 4.855273e+00 1.561077e+01 7.466104e+03
-1.232150e+00 -6.140880e-01 4.837463e+00 1.382598e+00 1.955078e+02
-2.013529e-01 -1.152994e+00 3.410966e+00 1.525006e+00 2.682782e+02
8.752065e-02 2.013865e+00 3.469216e+00 1.451144e+00 2.305348e+02
-2.561429e+00 -6.614494e-01 4.883652e+00 1.572086e+01 7.522359e+03
-7.394753e-02 -2.084677e+00 4.353731e+00 1.483554e+00 2.470959e+02
-1.321926e+00 2.199650e+00 5.004918e+00 1.485718e+01 7.081020e+03
-8.742571e-01 -1.516621e-01 6.025965e+00 1.015181e+00 7.757646e+00
9.131451e-01 6.947666e-01 5.873205e+00 1.534591e+00 2.731758e+02
1.273813e+00 7.704415e-01 4.728747e+00 1.361323e+00 1.846362e+02
-3.676071e+00 1.487753e+00 5.005453e+00 1.484649e+01 7.075557e+03
-1.333677e+00 -1.505106e+00 5.191314e+00 1.334060e+00 1.707047e+02
-3.014449e-01 -9.290659e-01 4.622375e+00 1.430489e+00 2.199801e+02
-1.953660e+00 -3.223808e-02 4.986413e+00 1.349718e+00 1.787059e+02
-9.703474e-01 -6.970226e-01 5.264469e+00 1.424195e+00 2.167638e+02
1.058991e+00 -1.235406e+00 4.972185e+00 1.431398e+00 2.204445e+02
-1.067386e+00 1.511715e-03 4.726128e+00 1.419691e+00 2.144618e+02
-1.902934e-01 1.895155e+00 3.834748e+00 1.392702e+00 2.006705e+02
-1.512656e+00 -9.237749e-01 4.236025e+00 1.444005e+00 2.268866e+02
1.524933e+00 1.233970e+00 4.605063e+00 1.005850e+00 2.989544e+00
1.459822e+00 1.106780e+00 5.828026e+00 1.013643e+00 6.971820e+00
1.281763e-01 1.550315e+00 5.909427e+00 1.426072e+00 2.177227e+02
-1.026628e+00 -8.781931e-01 4.746032e+00 1.348990e+00 1.783341e+02
-9.032255e-01 -1.812365e+00 4.252266e+00 1.455418e+00 2.327188e+02
-1.585286e+00 -4.812284e-01 3.967119e+00 1.415521e+00 2.123315e+02
-6.341843e-01 -1.629533e+00 5.879289e+00 1.336461e+00 1.719315e+02
-1.679217e+00 -2.275250e-01 4.925043e+00 1.575191e+01 7.538226e+03
5.371267e-01 -1.191772e+00 6.405993e+00 1.373267e+00 1.907396e+02
-5.637741e-01 -1.032372e+00 6.008277e+00 1.425526e+00 2.174439e+02
9.655441e-01 1.466621e+00 4.794270e+00 1.359532e+00 1.837208e+02
-1.480348e+00 -1.003603e+00 5.102873e+00 1.321379e+00 1.642244e+02
1.660394e-02 -9.312826e-01 4.452105e+00 1.403482e+00 2.061791e+02
1.150399e+00 -1.234280e+00 5.273246e+00 1.358755e+00 1.833239e+02
-5.917379e-01 -1.757172e+00 5.676145e+00 1.337463e+00 1.724436e+02
-3.185997e-01 -1.337069e+00 5.867365e+00 1.414002e+00 2.115548e+02
1.513522e+00 3.125534e-01 5.707121e+00 1.352352e+00 1.800517e+02
8.434147e-02 -3.946522e-02 8.005513e+00 1.000153e+00 7.806250e-02
-4.030360e-01 1.077575e+00 6.370313e+00 1.543567e+00 2.777627e+02
-1.058073e+00 -3.961858e-01 4.525435e+00 1.448393e+00 2.291289e+02
-1.753328e+00 -1.877475e-01 4.678390e+00 1.346909e+00 1.772704e+02
1.420127e+00 -7.860667e-01 3.678472e+00 1.391501e+00 2.000571e+02
-1.098147e+00 -2.630575e-01 4.655515e+00 1.570395e+01 7.513717e+03
4.374488e-01 -1.419453e+00 3.245811e+00 1.505274e+00 2.581952e+02
-2.428777e+00 -3.605760e-01 5.045709e+00 1.571989e+01 7.521864e+03
-1.995874e+00 -8.317578e-01 5.053284e+00 1.570629e+01 7.514916e+03
2.067744e+00 -3.302482e-01 3.969918e+00 1.375961e+00 1.921159e+02
-1.617159e+00 1.146534e+00 5.599149e+00 1.523058e+00 2.672826e+02
7.504321e-01 -9.546148e-01 6.570262e+00 1.396188e+00 2.024519e+02
2.215516e-01 -1.380384e+00 4.598068e+00 1.377726e+00 1.930179e+02
-7.020065e-02 -1.145691e+00 5.340469e+00 1.365821e+00 1.869344e+02
-9.351962e-01 -3.253647e-01 6.684209e+00 1.460716e+00 2.354257e+02
-1.057792e+00 1.326907e+00 4.409289e+00 1.341443e+00 1.744776e+02
1.451052e+00 -1.401378e+00 5.523833e+00 1.269753e+00 1.378438e+02
-4.245297e-01 7.708275e-01 8.791590e+00 1.510272e+00 2.607489e+02
7.445687e-01 1.446178e+00 4.327168e+00 1.407856e+00 2.084142e+02
-4.401546e-01 -1.104610e+00 5.624081e+00 1.373877e+00 1.910511e+02
-1.796399e+00 1.224239e+00 5.140948e+00 1.489263e+00 2.500133e+02
-1.097403e+00 -3.357757e-01 4.941785e+00 1.566446e+01 7.493540e+03
-1.515576e+00 -1.140728e+00 4.880698e+00 1.568669e+01 7.504901e+03
-4.466740e-01 1.285163e-01 6.147301e+00 1.000582e+00 2.973063e-01
5.038520e-01 -2.277798e+00 5.216234e+00 1.367936e+00 1.880155e+02
2.572243e-01 1.881793e+00 6.805547e+00 1.509349e+00 2.602774e+02
2.691897e-01 2.108821e+00 4.941775e+00 1.292199e+00 1.493137e+02
-2.277719e+00 2.335349e-01 5.234842e+00 1.560621e+01 7.463772e+03
-9.771974e-02 -1.723202e+00 5.138819e+00 1.368340e+00 1.882216e+02
1.339773e+00 -3.658360e-01 4.747537e+00 1.321838e+00 1.644591e+02
-3.792951e-01 -1.226151e+00 7.042269e+00 1.478439e+00 2.444821e+02
7.505960e-01 -1.211160e+00 6.029910e+00 1.416754e+00 2.129612e+02
-1.196804e+00 -7.286904e-01 4.986397e+00 1.572077e+01 7.522315e+03
-7.444196e-01 1.512304e+00 5.455814e+00 1.331773e+00 1.695359e+02
2.878672e-01 1.959434e+00 5.380102e+00 1.315058e+00 1.609947e+02
-1.294227e+00 5.470279e-01 4.777954e+00 1.569744e+01 7.510392e+03
-1.550870e+00 5.112086e-01 4.749578e+00 1.151893e+00 7.761728e+01
1.076879e+00 1.531544e+00 5.460213e+00 1.346574e+00 1.770996e+02
-2.324896e+00 -1.005337e+00 4.923181e+00 1.570840e+01 7.515994e+03
-1.835981e+00 -8.076706e-01 5.119309e+00 1.575022e+01 7.537363e+03
8.212676e-01 3.579517e-01 3.037253e+00 1.509939e+00 2.605790e+02
-1.037112e+00 -2.462262e-01 5.988006e+00 1.437247e+00 2.234331e+02
-1.006849e+00 -2.407034e-01 5.732653e+00 1.424459e+00 2.168984e+02
3.065794e-01 1.142651e+00 4.505549e+00 1.453137e+00 2.315529e+02
-1.489117e+00 -5.861316e-01 5.130806e+00 1.572485e+01 7.524398e+03
-1.361628e+00 -2.626668e-01 4.994031e+00 1.000815e+00 4.162538e-01
1.078618e+00 7.355263e-01 3.296704e+00 1.404579e+00 2.067399e+02
-7.424322e-01 -5.635665e-01 4.980602e+00 1.437601e+00 2.236144e+02
1.064729e+00 1.560873e+00 4.963075e+00 1.450657e+00 2.302859e+02
9.390986e-01 1.923540e+00 3.923850e+00 1.509553e+00 2.603817e+02
-2.752722e+00 -2.806507e+00 5.014215e+00 1.493107e+01 7.118776e+03
9.438592e-01 9.700433e-02 6.033195e+00 1.480762e+00 2.456695e+02
1.642211e+00 5.676501e-01 4.495362e+00 1.347924e+00 1.777890e+02
-2.541393e+00 -7.748182e-01 5.054562e+00 1.568193e+01 7.502467e+03
6.501697e-03 8.436009e-01 6.081166e+00 1.659374e+00 3.369401e+02
-6.751752e-01 1.159900e+00 4.058105e+00 1.516753e+00 2.640608e+02
-6.659131e-02 -9.560126e-01 3.708968e+00 1.446701e+00 2.282644e+02
1.129545e+00 1.012865e+00 4.898575e+00 1.396524e+00 2.026235e+02
2.096805e-01 5.608672e-02 4.996493e+00 1.001742e+00 8.902602e-01
-1.748052e+00 6.759858e-02 5.062259e+00 1.318528e+00 1.627680e+02
-1.665678e+00 -1.159356e+00 4.957059e+00 1.573097e+01 7.527525e+03
1.412918e+00 -9.208966e-01 4.403094e+00 1.266833e+00 1.363519e+02
6.705025e-01 6.411568e-01 4.527346e+00 1.423230e+00 2.162704e+02
1.517910e+00 9.787824e-02 5.265497e+00 1.374397e+00 1.913167e+02
-1.269041e+00 -4.671947e-01 5.035793e+00 1.569487e+01 7.509081e+03
6.816306e-02 3.426669e-01 5.927814e+00 1.002807e+00 1.434163e+00
-2.024688e+00 -6.381953e-01 5.009511e+00 1.573518e+01 7.529679e+03
-8.181961e-01 2.785136e-01 4.631291e+00 1.001769e+00 9.037071e-01
-2.886464e-01 -1.243580e+00 4.832414e+00 1.386261e+00 1.973793e+02
-1.142056e+00 -8.215547e-01 5.299777e+00 1.371250e+00 1.897086e+02
-1.477451e-01 1.057351e+00 4.090764e+00 1.381913e+00 1.951577e+02
-1.399994e+00 1.059866e+00 4.576908e+00 1.327323e+00 1.672620e+02
-9.874157e-01 -5.929837e-01 5.242010e+00 1.413182e+00 2.111361e+02
-1.481907e+00 2.832886e-01 6.412977e+00 1.441388e+00 2.255495e+02
2.911371e-01 -1.489024e+00 4.712645e+00 1.393414e+00 2.010348e+02
-1.358472e+00 9.879541e-01 4.201495e+00 1.002454e+00 1.253852e+00
-9.241427e-01 -1.129972e+00 4.072606e+00 1.425430e+00 2.173949e+02
1.407645e+00 8.365808e-01 4.139778e+00 1.406145e+00 2.075403e+02
-1.117314e+00 -3.577928e-03 4.152589e+00 1.426760e+00 2.180743e+02
-1.489753e+00 -7.423080e-03 5.306441e+00 1.383126e+00 1.957772e+02
-1.192345e-01 1.508344e+00 7.074109e+00 1.424524e+00 2.169320e+02
3.150782e-01 1.217585e+00 5.094112e+00 1.378807e+00 1.935702e+02
-2.107503e+00 -8.896028e-01 4.951117e+00 1.571266e+01 7.518171e+03
-2.143550e-01 1.293944e+00 5.612342e+00 1.368093e+00 1.880956e+02
-2.341571e+00 2.389034e-01 4.925745e+00 1.573218e+01 7.528146e+03
1.362623e+00 -3.486822e-01 6.262200e+00 1.392432e+00 2.005325e+02
7.570747e-01 -1.635962e+00 4.741147e+00 1.102545e+00 5.240045e+01
-7.855482e-01 1.343359e+00 5.282782e+00 1.299600e+00 1.530954e+02
1.466189e+00 1.624744e+00 5.693832e+00 1.440443e+00 2.250665e+02
-1.344984e+00 1.210760e-01 5.072261e+00 1.567717e+01 7.500033e+03
-1.722973e+00 3.378449e-02 5.064995e+00 1.302250e+00 1.544498e+02
7.633588e-01 -4.435769e-01 3.621861e+00 1.482200e+00 2.464044e+02
1.322206e+00 -2.835828e-01 4.556688e+00 1.006175e+00 3.155561e+00
-1.358587e+00 -1.281460e+00 4.591576e+00 1.423757e+00 2.165398e+02
1.082722e+00 -1.737465e+00 4.510615e+00 1.351693e+00 1.797153e+02
9.813368e-01 1.364211e+00 5.345720e+00 1.446964e+00 2.283987e+02
-7.162805e-01 1.568030e+00 4.529665e+00 1.291359e+00 1.488842e+02
1.507391e+00 -1.092240e+00 5.592597e+00 1.324701e+00 1.659221e+02
1.639504e+00 -5.092476e-01 5.491108e+00 1.328410e+00 1.678173e+02
-2.262299e+00 7.376400e-02 5.102231e+00 1.568725e+01 7.505187e+03
-1.376049e+00 3.306390e-01 4.390529e+00 1.320191e+00 1.636175e+02
2.476274e-01 3.517356e-01 2.740557e+00 1.000467e+00 2.388633e-01
-2.818467e-01 5.140293e-01 4.489524e+00 1.012720e+00 6.499796e+00
-2.742232e+00 2.115268e-01 4.899495e+00 1.568302e+01 7.503025e+03
-9.528757e-01 2.550295e-01 6.965236e+00 1.533189e+00 2.724596e+02
-6.043905e-01 -1.114692e+00 5.256782e+00 1.344379e+00 1.759775e+02
-2.065303e+00 4.292311e-01 5.404312e+00 1.418265e+00 2.137334e+02
1.773014e+00 2.794276e-01 4.541758e+00 1.402086e+00 2.054661e+02
3.930689e-02 -1.331448e+00 4.323331e+00 1.472267e+00 2.413282e+02
5.213543e-01 -1.571871e+00 4.466526e+00 1.346022e+00 1.768174e+02
-1.435933e+00 2.130560e-01 5.238362e+00 1.572919e+01 7.526617e+03
-2.729974e+00 -2.020019e-01 5.053030e+00 1.570183e+01 7.512637e+03
-1.009290e+00 -7.279096e-01 3.626530e+00 1.699253e+00 3.573181e+02
-4.783527e-01 -1.024030e+00 3.187405e+00 1.457297e+00 2.336790e+02
1.519324e+00 5.637308e-01 6.516194e+00 1.386168e+00 1.973319e+02
1.062864e-01 -1.131928e+00 6.321290e+00 1.463675e+00 2.369380e+02
-1.780081e+00 -3.489634e-01 4.740811e+00 1.575315e+01 7.538859e+03
-1.589220e+00 -7.663633e-01 4.831571e+00 1.331096e+00 1.691903e+02
-8.420282e-01 -4.012665e-01 4.666248e+00 1.422745e+00 2.160227e+02
-2.128732e+00 -1.653182e+00 5.031915e+00 1.569907e+01 7.511225e+03
-1.293456e-01 -2.118497e+00 4.074083e+00 1.454037e+00 2.320129e+02
3.002412e-01 -1.070084e+00 4.173390e+00 1.389769e+00 1.991722e+02
2.146926e+00 -2.847958e-01 5.132370e+00 1.363826e+00 1.859151e+02
1.234389e+00 -1.389907e+00 5.584896e+00 1.340603e+00 1.740484e+02
-1.310371e-01 -2.036836e+00 4.971995e+00 1.403008e+00 2.059369e+02
-1.716044e+00 2.064498e-01 4.784591e+00 1.319676e+00 1.633545e+02
-2.155041e+00 -3.571185e-01 5.091159e+00 1.576642e+01 7.545642e+03
9.115137e-01 -2.321609e-01 4.276307e+00 1.426966e+00 2.181796e+02
1.166007e+00 5.698502e-01 5.358712e+00 1.375137e+00 1.916952e+02
1.370702e+00 -1.439678e+00 5.761915e+00 1.367231e+00 1.876549e+02
-2.981156e+00 -2.808448e+00 4.970109e+00 1.486147e+01 7.083213e+03
6.647495e-01 1.173411e+00 3.049721e+00 1.438788e+00 2.242207e+02
-6.586810e-02 -1.380404e+00 5.557297e+00 1.001253e+00 6.403116e-01
-1.143866e+00 7.541078e-01 5.010638e+00 1.428739e+00 2.190856e+02
-1.481033e+00 -5.028797e-01 4.956685e+00 1.302023e+00 1.543338e+02
3.618785e-01 2.543066e-01 3.444853e+00 1.000589e+00 3.010236e-01
-2.576844e-01 1.598829e+00 5.539166e+00 1.357904e+00 1.828888e+02
-2.361610e-01 -3.925833e-01 3.470197e+00 1.001683e+00 8.597637e-01
1.661810e+00 9.306936e-01 5.681861e+00 1.369657e+00 1.888949e+02
2.840810e-01 -1.140491e+00 3.018641e+00 1.546463e+00 2.792425e+02
8.138013e-01 4.373776e-02 4.152036e+00 1.467850e+00 2.390713e+02
2.433330e-01 -1.081609e+00 5.744868e+00 1.399655e+00 2.042237e+02
8.544136e-01 1.211448e-01 5.486144e+00 1.436251e+00 2.229245e+02
-3.305433e-01 -1.006483e+00 4.541155e+00 1.000320e+00 1.632945e-01
1.265556e+00 6.744134e-01 4.863928e+00 1.397632e+00 2.031897e+02
9.295595e-01 1.376119e+00 5.303494e+00 1.325906e+00 1.665382e+02
1.108248e+00 9.579405e-02 5.706963e+00 1.385474e+00 1.969772e+02
1.843094e-02 -3.631180e-01 5.876280e+00 1.001344e+00 6.869166e-01
7.854421e-02 1.804097e+00 4.682271e+00 1.312776e+00 1.598283e+02
-1.860802e+00 -8.749627e-01 4.991648e+00 1.576119e+01 7.542966e+03
1.732989e+00 6.759402e-01 6.219646e+00 1.371462e+00 1.898170e+02
1.343908e-01 1.503144e-01 5.978943e+00 1.004790e+00 2.447587e+00
1.041238e+00 -1.319636e+00 4.333411e+00 1.139007e+00 7.103258e+01
-2.510149e+00 4.919989e-02 4.897515e+00 1.570718e+01 7.515370e+03
-5.331068e-01 4.597556e-01 8.396365e+00 1.000884e+00 4.518993e-01
5.459981e-01 -1.563656e+00 5.580109e+00 1.314597e+00 1.607589e+02
-1.665396e+00 -9.534797e-01 4.897320e+00 1.572113e+01 7.522497e+03
-1.306890e+00 -1.828481e-01 4.872278e+00 1.572112e+01 7.522494e+03
-1.474506e+00 -9.785361e-01 6.120646e+00 1.017820e+00 9.105768e+00
3.816887e-01 -1.651443e+00 5.024880e+00 1.486849e+01 7.086800e+03
-1.636721e+00 8.157678e-01 5.184098e+00 1.370304e+00 1.892252e+02
-9.187895e-01 -3.235978e-01 5.028331e+00 1.512642e+00 2.619601e+02
1.005553e+00 -9.615615e-01 5.538566e+00 1.398962e+00 2.038696e+02
5.315403e-02 -1.123859e+00 5.734631e+00 1.419059e+00 2.141393e+02
1.744445e+00 7.094985e-01 5.452289e+00 1.310399e+00 1.586138e+02
-1.163075e-01 -8.329690e-02 7.994157e+00 1.000166e+00 8.470990e-02
2.158117e+00 2.338891e-01 4.239679e+00 1.578600e+00 2.956647e+02
-1.954937e+00 -1.122489e+00 4.981469e+00 1.570794e+01 7.515756e+03
-1.854554e+00 -3.902575e-01 5.284701e+00 1.347645e+00 1.776468e+02
-2.098234e+00 6.438247e-01 4.832030e+00 1.569723e+01 7.510287e+03
-1.467483e+00 2.907778e-01 3.991433e+00 1.318559e+00 1.627834e+02
-9.885218e-01 -3.730196e-01 4.947762e+00 1.562419e+01 7.472959e+03
1.771459e+00 1.199801e+00 4.869757e+00 1.613382e+00 3.134384e+02
4.598173e-01 1.997633e+00 5.362295e+00 1.384818e+00 1.966418e+02
-1.207989e+00 -6.027800e-01 4.896336e+00 1.392226e+00 2.004277e+02
2.315045e-01 9.658125e-01 4.993901e+00 1.488486e+01 7.095162e+03
-1.337984e+00 -3.461812e-01 5.077508e+00 1.571417e+01 7.518939e+03
-1.335284e+00 -1.207054e-01 5.052867e+00 1.567899e+01 7.500961e+03
-1.480042e+00 -9.575196e-02 5.081085e+00 1.569600e+01 7.509655e+03
-1.122818e+00 6.849710e-01 5.191364e+00 1.372274e+00 1.902319e+02
7.920480e-01 -8.914672e-01 4.922484e+00 1.369101e+00 1.886105e+02
-1.723857e+00 -9.555991e-01 4.862053e+00 1.558550e+01 7.453188e+03
1.777601e-01 2.516866e-01 6.537447e+00 1.009185e+00 4.693415e+00
3.064190e-01 1.305484e+00 7.081996e+00 1.307555e+00 1.571607e+02
-1.996312e+00 2.874845e-02 4.191619e+00 1.412579e+00 2.108277e+02
-1.203938e+00 -1.497257e+00 7.193493e+00 1.551373e+00 2.817518e+02
8.015684e-01 1.486074e+00 5.846198e+00 1.355497e+00 1.816587e+02
-1.906978e+00 4.263655e-01 5.047910e+00 1.567332e+01 7.498068e+03
-1.539906e+00 -6.827894e-01 5.008532e+00 1.573039e+01 7.527230e+03
8.656212e-01 -1.502613e+00 4.460253e+00 1.337592e+00 1.725097e+02
-1.429358e+00 -5.215028e-01 4.984450e+00 1.571636e+01 7.520059e+03
1.187826e-01 -1.755025e+00 4.512878e+00 1.326737e+00 1.669628e+02
-1.343865e-01 1.496110e-01 2.211872e+00 1.000741e+00 3.788829e-01
-7.021907e-01 -1.765484e+00 5.643965e+00 1.251711e+00 1.286242e+02
-2.122541e+00 -5.503604e-01 5.136676e+00 1.573796e+01 7.531097e+03
-1.717683e+00 -3.131824e+00 4.996059e+00 1.484023e+01 7.072355e+03
8.347058e-01 -1.329456e+00 5.428191e+00 1.310843e+00 1.588409e+02
-1.265704e+00 1.618386e+00 4.787126e+00 1.423074e+00 2.161909e+02
-2.625703e+00 -1.393408e-01 4.923706e+00 1.570666e+01 7.515102e+03
-7.908500e-01 -1.609088e+00 4.749296e+00 1.354310e+00 1.810526e+02
-1.353303e+00 6.374105e-01 4.825694e+00 1.563140e+01 7.476645e+03
7.381147e-01 -8.884896e-01 4.127198e+00 1.374926e+00 1.915870e+02
-1.798215e-01 3.876871e-01 7.019808e+00 1.000500e+00 2.553633e-01
1.760119e+00 9.020544e-02 4.373802e+00 1.292233e+00 1.493312e+02
1.393614e+00 4.660362e-01 3.809735e+00 1.391832e+00 2.002263e+02
-4.753164e-01 1.698790e+00 4.523014e+00 1.419872e+00 2.145545e+02
7.364208e-01 -1.330131e+00 5.730910e+00 1.421307e+00 2.152881e+02
-1.004256e+00 -9.609858e-01 6.796947e+00 1.002890e+00 1.476917e+00
