-7.724029e-02    1.372301e+00    5.079953e+00    1.000019e+00    9.648749e-03    
-1.069120e+00    -2.319712e-01    4.528025e+00    1.000011e+00    5.434748e-03    
-4.323532e-01    8.822783e-01    6.853541e+00    1.000002e+00    1.171978e-03    
-8.026709e-01    -4.641128e-01    3.213183e+00    1.000001e+00    4.013958e-04    
-1.244993e+00    1.123703e+00    6.504050e+00    1.000002e+00    1.209689e-03    
1.189665e+00    4.529393e-01    4.433979e+00    1.000011e+00    5.682870e-03    
7.384700e-01    -2.071894e+00    4.675693e+00    1.000007e+00    3.379735e-03    
-3.842790e-01    1.762676e+00    5.367740e+00    1.000004e+00    2.246203e-03    
1.750927e+00    -5.802658e-01    3.824840e+00    1.000009e+00    4.843764e-03    
1.094348e+00    -1.505544e+00    4.771304e+00    1.000002e+00    8.447596e-04    
-1.982598e+00    -8.677450e-01    4.789359e+00    1.000002e+00    1.221466e-03    
-1.287109e+00    2.171931e-01    3.497565e+00    1.000002e+00    8.263846e-04    
-2.779278e-01    -1.759994e+00    4.170101e+00    1.000003e+00    1.508171e-03    
-1.640101e+00    1.171800e-01    4.804387e+00    1.000009e+00    4.642229e-03    
-3.363790e-01    1.277834e+00    4.711976e+00    1.000002e+00    1.268370e-03    
5.100717e-01    -8.683226e-01    6.334331e+00    1.000003e+00    1.322428e-03    
2.024091e+00    -1.386338e-01    4.680229e+00    1.000002e+00    7.720788e-04    
3.114871e-02    -1.533153e+00    5.544916e+00    1.000004e+00    2.117258e-03    
7.695118e-01    1.974436e+00    5.209701e+00    1.000017e+00    8.844430e-03    
3.887077e-01    -3.788880e-01    5.997379e+00    1.000009e+00    4.743909e-03    
1.304812e-01    6.918376e-01    3.097751e+00    1.000004e+00    1.926432e-03    
-7.149768e-01    2.058357e+00    4.974557e+00    1.000001e+00    6.371632e-04    
5.273846e-01    1.194527e+00    6.659141e+00    1.000001e+00    3.376654e-04    
-1.472357e+00    5.647094e-01    5.776663e+00    1.000002e+00    8.071347e-04    
9.497051e-01    -4.608083e-01    3.782468e+00    1.000003e+00    1.778339e-03    
8.555462e-01    -1.599489e+00    4.127920e+00    1.000012e+00    6.168496e-03    
-8.225039e-01    -1.331814e+00    6.278375e+00    1.000001e+00    2.831045e-04    
1.385490e+00    -4.439827e-01    3.604018e+00    1.000015e+00    7.424155e-03    
3.277743e-01    7.892020e-01    6.179461e+00    1.000002e+00    7.721843e-04    
-4.239444e-01    8.933692e-01    4.186648e+00    1.000006e+00    3.265125e-03    
-1.521181e+00    -2.168065e-01    3.756665e+00    1.000012e+00    5.911901e-03    
2.040314e-01    -4.893389e-01    6.314870e+00    1.000017e+00    8.566373e-03    
-7.298145e-01    1.506218e+00    5.225050e+00    1.000006e+00    3.222080e-03    
1.170380e+00    1.227946e+00    5.530950e+00    1.000004e+00    1.972230e-03    
-1.093654e+00    1.340227e+00    3.834042e+00    1.000002e+00    7.771811e-04    
-1.668883e+00    8.242118e-01    4.065315e+00    1.000010e+00    5.034697e-03    
-5.684678e-02    1.228088e+00    6.063574e+00    1.000001e+00    6.744091e-04    
-1.117330e+00    1.753496e+00    5.225808e+00    1.000007e+00    3.548719e-03    
1.156120e+00    -1.680719e+00    5.569284e+00    1.000003e+00    1.719130e-03    
7.655518e-01    1.025163e+00    5.733555e+00    1.000022e+00    1.128858e-02    
1.204971e+00    -6.615671e-04    5.036809e+00    1.000002e+00    1.174440e-03    
1.537543e+00    5.990202e-01    5.032539e+00    1.000010e+00    5.242830e-03    
-1.371946e+00    -6.523435e-01    4.483083e+00    1.000002e+00    7.809182e-04    
-4.551233e-01    1.332083e+00    3.478215e+00    1.000006e+00    3.171907e-03    
1.470414e+00    -4.278453e-01    5.986021e+00    1.000005e+00    2.660504e-03    
1.487918e-01    -1.297514e+00    6.541541e+00    1.000006e+00    3.058904e-03    
8.031752e-01    -1.222631e+00    6.049145e+00    1.000012e+00    5.912875e-03    
-6.619541e-01    -3.149101e-01    5.919785e+00    1.000008e+00    4.175110e-03    
-1.024965e+00    -6.636096e-01    4.756948e+00    1.000002e+00    7.949514e-04    
5.415693e-01    -3.124215e-01    2.872475e+00    1.000003e+00    1.735883e-03    
3.710721e-01    -1.163229e+00    4.118759e+00    1.000015e+00    7.794306e-03    
1.237381e+00    -2.040898e-01    4.761138e+00    1.000004e+00    2.021866e-03    
1.328142e+00    4.372956e-01    3.362278e+00    1.000013e+00    6.664777e-03    
-3.825176e-01    5.993417e-01    5.376406e+00    1.000002e+00    1.065669e-03    
-4.939613e-02    -1.202565e+00    6.477071e+00    1.000003e+00    1.475139e-03    
-1.209184e+00    3.500030e-01    5.431368e+00    1.000007e+00    3.478264e-03    
-9.065732e-01    -1.917193e+00    5.518607e+00    1.000001e+00    2.942203e-04    
-1.590823e-01    9.499431e-01    5.938486e+00    1.000004e+00    2.232420e-03    
-5.645139e-01    -1.122463e-01    3.530225e+00    1.000011e+00    5.735228e-03    
1.695898e+00    5.086188e-01    6.042030e+00    1.000004e+00    2.024431e-03    
-1.773810e+00    9.692991e-01    5.219217e+00    1.000001e+00    2.733873e-04    
1.292433e-01    1.467421e+00    4.850643e+00    1.000019e+00    9.948758e-03    
-1.834441e+00    -8.508710e-01    4.477362e+00    1.000011e+00    5.620852e-03    
-1.445069e-01    4.083791e-01    5.394869e+00    1.000007e+00    3.329069e-03    
1.087232e-01    -2.834146e-01    3.123082e+00    1.000000e+00    2.281665e-04    
4.760154e-01    2.153243e+00    4.479066e+00    1.000006e+00    2.864375e-03    
-3.044414e-01    -7.111135e-01    3.279250e+00    1.000017e+00    8.470560e-03    
3.439918e-01    1.608720e+00    4.203134e+00    1.000006e+00    3.202807e-03    
-2.951399e-01    -1.735160e-01    7.193925e+00    1.000001e+00    4.491164e-04    
-1.615519e+00    6.975992e-02    4.161804e+00    1.000004e+00    2.226759e-03    
-3.474730e-01    -4.354883e-01    4.008652e+00    1.000009e+00    4.413171e-03    
-6.330957e-01    1.090526e+00    6.262632e+00    1.000015e+00    7.768377e-03    
-7.030835e-01    -1.870932e-01    3.356201e+00    1.000007e+00    3.397494e-03    
-4.391513e-01    -1.070909e+00    4.461536e+00    1.000007e+00    3.681455e-03    
1.201829e+00    1.622834e+00    5.946534e+00    1.000001e+00    6.003355e-04    
2.978467e-01    -3.877906e-01    4.943767e+00    1.000006e+00    3.043831e-03    
9.019614e-01    -4.648102e-01    5.247997e+00    1.000001e+00    3.829641e-04    
6.380898e-01    1.787045e+00    4.937336e+00    1.000002e+00    1.237550e-03    
1.454176e+00    1.211961e-01    6.530673e+00    1.000009e+00    4.631901e-03    
1.302870e+00    9.509024e-01    5.156098e+00    1.000004e+00    2.012046e-03    
-6.327566e-02    1.499841e+00    6.283878e+00    1.000005e+00    2.735080e-03    
-9.375819e-01    1.336964e+00    4.743333e+00    1.000005e+00    2.746941e-03    
1.671723e+00    -7.874520e-01    3.721520e+00    1.000002e+00    9.258465e-04    
6.723576e-01    1.661527e-01    2.910300e+00    1.000008e+00    4.112560e-03    
1.095799e+00    6.897505e-01    3.452727e+00    1.000003e+00    1.429241e-03    
-1.327628e+00    2.840955e-01    5.349384e+00    1.000004e+00    1.950381e-03    
-1.325090e+00    -1.043816e+00    4.803060e+00    1.000002e+00    1.264981e-03    
5.631174e-01    -1.214297e+00    5.137551e+00    1.000009e+00    4.530395e-03    
-1.675639e-01    1.848038e+00    4.432378e+00    1.000000e+00    7.465133e-05    
1.857029e+00    -5.511072e-01    4.698232e+00    1.000009e+00    4.538826e-03    
-1.470818e+00    -1.078424e+00    6.227522e+00    1.000005e+00    2.418718e-03    
2.166723e-01    -2.121079e+00    5.276012e+00    1.000014e+00    7.321724e-03    
-1.530649e+00    -9.688103e-01    5.120317e+00    1.000003e+00    1.700580e-03    
-3.916673e-01    3.519699e-02    4.255725e+00    1.000008e+00    3.983328e-03    
7.064674e-01    1.784013e+00    5.444420e+00    1.000003e+00    1.553170e-03    
8.017193e-01    -1.708150e+00    5.888959e+00    1.000007e+00    3.647423e-03    
1.229563e-01    1.684868e+00    4.358735e+00    1.000004e+00    2.246433e-03    
-1.031027e+00    -1.133685e+00    5.645005e+00    1.000000e+00    1.099174e-04    
1.371121e+00    1.329743e+00    6.092023e+00    1.000002e+00    1.025340e-03    
1.390429e+00    -8.792798e-01    6.477555e+00    1.000005e+00    2.377969e-03    
