-3.527576e+00    -2.317583e+00    4.999692e+00    1.491981e+01    7.113021e+03    
-2.173864e+00    -9.130414e-01    4.905970e+00    1.572045e+01    7.522149e+03    
-7.523481e-01    6.897594e-01    4.909904e+00    1.480907e+00    2.457436e+02    
-1.885659e+00    6.448150e-01    4.444277e+00    1.400393e+00    2.046010e+02    
-1.190714e+00    -2.320533e-01    5.129515e+00    1.337409e+00    1.724158e+02    
7.051984e-01    1.131024e+00    5.353674e+00    1.386804e+00    1.976569e+02    
-8.271764e-01    -1.636271e+00    4.082397e+00    1.398551e+00    2.036595e+02    
2.228718e-01    -1.991939e+00    6.058836e+00    1.482699e+00    2.466592e+02    
6.461465e-01    1.111848e+00    5.733587e+00    1.386337e+00    1.974182e+02    
1.123277e+00    -1.150852e+00    8.882392e+00    1.503387e+00    2.572305e+02    
-1.127109e+00    -4.697273e-01    7.350422e+00    1.441482e+00    2.255975e+02    
-1.070650e+00    5.439202e-01    7.213807e+00    1.417212e+00    2.131954e+02    
-1.213936e+00    -4.990365e-01    4.308049e+00    1.304182e+00    1.554371e+02    
5.320192e-01    9.663215e-01    5.142740e+00    1.003066e+00    1.566924e+00    
2.891519e-01    2.409115e-01    4.280356e+00    1.004674e+00    2.388666e+00    
-9.018502e-01    -9.085923e-01    5.790591e+00    1.424881e+00    2.171141e+02    
1.427305e+00    -1.137183e+00    5.356167e+00    1.324168e+00    1.656501e+02    
-2.510026e+00    7.523170e-01    4.817274e+00    1.568772e+01    7.505425e+03    
-1.050122e+00    -1.195268e+00    5.164465e+00    1.562014e+01    7.470891e+03    
-1.669357e+00    -1.135251e+00    5.086914e+00    1.005600e+00    2.861583e+00    
7.221160e-02    1.744166e+00    5.027335e+00    1.315102e+00    1.610169e+02    
1.742464e+00    1.378753e+00    5.109401e+00    1.196705e+00    1.005160e+02    
6.411058e-01    1.088610e+00    4.530520e+00    1.002777e+00    1.418819e+00    
-3.527596e-01    1.016672e+00    4.941446e+00    1.374289e+00    1.912617e+02    
-4.327813e+00    1.794816e-01    5.016997e+00    1.492095e+01    7.113605e+03    
1.379597e+00    -9.785449e-02    4.707586e+00    1.321536e+00    1.643051e+02    
-1.963947e+00    -1.022413e+00    5.036289e+00    1.572971e+01    7.526881e+03    
-2.801494e-02    -4.232072e-01    5.895154e+00    1.025195e+00    1.287449e+01    
-1.718694e+00    3.653909e-01    1.622209e+00    1.081261e+00    4.152440e+01    
-1.034384e-01    -4.045083e-01    5.716095e+00    1.002842e+00    1.452486e+00    
-7.945184e-01    -1.440252e+00    4.971852e+00    1.401209e+00    2.050179e+02    
1.153778e+00    3.775079e-01    5.865864e+00    1.014695e+00    7.509082e+00    
-7.872013e-01    7.885084e-01    4.808034e+00    1.424020e+00    2.166744e+02    
4.946021e-01    1.602883e+00    4.555979e+00    1.349865e+00    1.787812e+02    
4.011436e-01    -9.619342e-01    6.093518e+00    1.498449e+00    2.547075e+02    
1.130997e-02    -1.098265e+00    7.782394e+00    1.530949e+00    2.713148e+02    
-1.785449e+00    -6.693286e-01    5.506524e+00    1.395495e+00    2.020978e+02    
1.506587e+00    4.402179e-01    7.774117e+00    1.001585e+00    8.100298e-01    
-1.636477e+00    2.493943e-01    4.807029e+00    1.567659e+01    7.499735e+03    
1.005244e-01    1.553782e+00    4.579402e+00    1.310300e+00    1.585633e+02    
-6.673037e-01    5.192179e-01    5.747833e+00    1.009296e+00    4.750115e+00    
1.109738e-01    -9.020456e-01    7.170328e+00    1.470261e+00    2.403036e+02    
-2.498308e-01    9.477899e-01    5.611796e+00    1.414350e+00    2.117329e+02    
-5.218863e-01    8.166515e-01    5.536322e+00    1.469014e+00    2.396661e+02    
-1.843643e+00    -4.906114e-01    4.988029e+00    1.575180e+01    7.538171e+03    
1.887931e+00    8.215480e-01    4.822876e+00    1.372410e+00    1.903015e+02    
-7.908357e-02    1.446056e+00    4.883094e+00    1.305681e+00    1.562030e+02    
-4.193287e-01    -5.920328e-01    2.986320e+00    1.001618e+00    8.268661e-01    
-1.318648e-01    -9.011288e-02    6.139917e+00    1.002253e+00    1.151512e+00    
-3.349837e+00    -2.610561e+00    4.975336e+00    1.485034e+01    7.077522e+03    
-2.427001e+00    -1.006923e+00    4.962921e+00    1.568992e+01    7.506551e+03    
-1.090096e+00    -2.951525e+00    4.995259e+00    1.486677e+01    7.085922e+03    
-1.291508e+00    1.674811e+00    4.381641e+00    1.430436e+00    2.199530e+02    
5.115491e-01    -9.184057e-01    4.114822e+00    1.454225e+00    2.321090e+02    
-4.599951e-01    -1.040655e+00    4.572109e+00    1.416047e+00    2.126001e+02    
-6.839808e-01    -1.342432e+00    6.004954e+00    1.367926e+00    1.880102e+02    
-1.270453e+00    -9.338086e-01    4.881145e+00    1.568027e+01    7.501618e+03    
-1.339157e+00    -1.094429e+00    6.468707e+00    1.448107e+00    2.289825e+02    
1.301815e+00    6.018995e-01    4.576969e+00    1.303613e+00    1.551464e+02    
1.913362e+00    7.445300e-01    4.449525e+00    1.411641e+00    2.103484e+02    
1.394354e+00    4.100292e-01    6.707935e+00    1.003424e+00    1.749792e+00    
-7.678787e-01    -5.310298e-01    5.540123e+00    1.414339e+00    2.117271e+02    
-3.502111e-01    -8.776697e-02    4.960214e+00    1.009345e+00    4.775397e+00    
-2.101248e+00    -1.388780e-01    4.888993e+00    1.573983e+01    7.532055e+03    
-1.409195e-01    1.822434e+00    4.297185e+00    1.671650e+00    3.432129e+02    
-2.067875e+00    -8.179979e-01    5.141040e+00    1.574229e+01    7.533310e+03    
-2.331269e+00    -7.558729e-01    4.856507e+00    1.570044e+01    7.511926e+03    
7.373833e-01    1.012062e+00    5.761746e+00    1.397489e+00    2.031167e+02    
-1.013273e+00    -1.373240e-01    5.545842e+00    1.446716e+00    2.282721e+02    
-1.329681e+00    -1.939027e-01    5.114956e+00    1.570628e+01    7.514908e+03    
-2.530507e+00    -2.072292e-01    5.103164e+00    1.564374e+01    7.482953e+03    
-5.903010e-02    1.027899e+00    4.910897e+00    1.401412e+00    2.051213e+02    
-1.679684e+00    -4.892877e-02    5.308701e+00    1.233109e+00    1.191188e+02    
-2.142712e+00    3.805787e-01    4.917886e+00    1.571118e+01    7.517412e+03    
-8.514448e-02    1.368690e+00    3.950296e+00    1.359430e+00    1.836685e+02    
