-2.872074e-01 -1.417681e+00 5.271396e+00 1.348052e+00 1.778544e+02
8.027823e-01 1.751125e+00 4.424903e+00 1.295583e+00 1.510427e+02
4.123189e-01 8.469592e-01 5.276587e+00 1.399477e+00 2.041329e+02
1.497467e+00 -2.785408e-01 5.250193e+00 1.461536e+00 2.358448e+02
-1.568888e+00 1.217597e+00 4.795576e+00 1.339680e+00 1.735763e+02
-1.408584e+00 1.011358e-01 4.966788e+00 8.160390e+00 3.658960e+03
-1.517212e+00 -1.064151e+00 5.022951e+00 1.259730e+00 1.327220e+02
1.028797e+00 -6.626636e-02 3.335324e+00 1.527229e+00 2.694140e+02
-4.087609e-01 -5.879698e-01 7.019457e+00 1.001366e+00 6.980562e-01
9.632227e-01 -1.436292e+00 5.446614e+00 1.310108e+00 1.584654e+02
-1.398414e+00 1.060875e+00 4.785248e+00 1.339161e+00 1.733111e+02
-7.176382e-01 2.555490e-01 3.804911e+00 1.442078e+00 2.259019e+02
-1.279749e+00 -1.144144e+00 4.769127e+00 8.216315e+00 3.687537e+03
-9.311660e-01 -1.322096e+00 2.983002e+00 1.395124e+00 2.019085e+02
-2.198005e+00 8.400174e-02 5.105395e+00 8.214656e+00 3.686689e+03
-8.502268e-01 -1.071854e+00 1.516194e+00 1.113602e+00 5.805083e+01
-2.434723e+00 -1.354825e+00 5.424815e+00 8.215098e+00 3.686915e+03
1.470529e+00 -1.160496e-01 3.716717e+00 1.529788e+00 2.707217e+02
-2.355515e+00 -8.058735e-01 5.054603e+00 8.201090e+00 3.679757e+03
1.384648e+00 -7.509910e-01 4.063957e+00 1.413736e+00 2.114189e+02
7.871411e-01 -1.397790e+00 6.064646e+00 1.322423e+00 1.647584e+02
-1.447224e+00 -2.012796e-02 5.026196e+00 8.183838e+00 3.670941e+03
-1.841810e-01 -1.026856e+00 3.690197e+00 1.459498e+00 2.348032e+02
7.247835e-01 -3.962892e-01 3.593040e+00 1.551581e+00 2.818580e+02
1.606594e-01 -1.618049e+00 5.304255e+00 1.370864e+00 1.895114e+02
4.555472e-01 -1.478397e+00 6.985626e+00 1.467361e+00 2.388217e+02
-1.251146e+00 -2.249392e-01 4.752421e+00 1.364943e+00 1.864861e+02
1.479150e+00 -1.882089e-01 4.321267e+00 1.007394e+00 3.778124e+00
-4.936926e-01 -1.511864e+00 4.343544e+00 1.588720e+00 3.008358e+02
-1.513789e+00 -4.680361e-01 5.048193e+00 8.205762e+00 3.682144e+03
1.046821e+00 -5.804678e-02 6.789164e+00 1.515487e+00 2.634138e+02
1.827372e-02 -3.439812e-01 1.872850e+00 1.000066e+00 3.385678e-02
-3.549241e-01 -9.866616e-01 3.737705e+00 1.387605e+00 1.980661e+02
1.853109e-01 -1.848349e+00 5.285350e+00 1.324818e+00 1.659822e+02
-3.933168e-01 1.961783e+00 5.961261e+00 1.359244e+00 1.835735e+02
1.060380e-01 1.316953e+00 3.057302e+00 1.666198e+00 3.404270e+02
-9.317002e-01 -1.451666e+00 5.741556e+00 1.296626e+00 1.515760e+02
-1.854525e+00 -1.019392e+00 5.027214e+00 8.217136e+00 3.687956e+03
-3.557389e-01 -9.029950e-01 4.307788e+00 1.530999e+00 2.713404e+02
-2.548206e-01 -1.093580e+00 4.702955e+00 1.394543e+00 2.016114e+02
2.748420e-01 -1.436996e+00 5.259960e+00 1.410854e+00 2.099466e+02
-1.921439e+00 -1.361539e+00 5.386004e+00 8.178695e+00 3.668313e+03
3.030733e-01 -6.323951e-02 5.406774e+00 1.005179e+00 2.646496e+00
1.150681e+00 7.162000e-01 5.249910e+00 1.552605e+00 2.823810e+02
8.448767e-01 5.046908e-01 7.346044e+00 1.682888e+00 3.489559e+02
-1.137413e-02 8.798460e-02 8.735658e+00 1.000363e+00 1.853626e-01
-2.118534e-01 -2.014338e+00 5.124892e+00 1.358910e+00 1.834032e+02
7.723646e-01 1.584164e+00 4.615368e+00 1.480035e+00 2.452981e+02
1.165991e+00 9.550792e-01 4.183608e+00 1.005420e+00 2.769854e+00
-1.077127e+00 3.665980e-01 4.120686e+00 1.430581e+00 2.200271e+02
4.367059e-01 1.938009e+00 5.363687e+00 1.447981e+00 2.289181e+02
3.059677e-01 1.081216e+00 5.198663e+00 1.410738e+00 2.098870e+02
-7.622769e-01 -8.563702e-01 5.806393e+00 1.538011e+00 2.749237e+02
-2.467091e+00 -1.071101e+00 5.063551e+00 8.185145e+00 3.671609e+03
7.040517e-01 -6.694092e-01 4.228708e+00 1.415740e+00 2.124432e+02
8.162831e-01 -7.112817e-01 4.068751e+00 1.522220e+00 2.668544e+02
-1.572366e+00 -2.155871e-02 5.261215e+00 1.418766e+00 2.139895e+02
1.247062e+00 1.001136e+00 4.743816e+00 1.363091e+00 1.855393e+02
-1.802397e+00 -9.438610e-01 5.196710e+00 8.228477e+00 3.693752e+03
-1.551802e+00 6.155755e-01 4.923567e+00 8.208665e+00 3.683628e+03
-6.947267e-01 9.112850e-02 5.770083e+00 1.001199e+00 6.125786e-01
5.217227e-02 -1.329764e+00 5.677417e+00 1.417565e+00 2.133755e+02
-1.265795e+00 -8.181844e-01 5.077325e+00 1.406915e+00 2.079334e+02
-2.467515e+00 -4.539476e-01 4.920848e+00 8.158856e+00 3.658175e+03
1.390676e+00 8.346654e-01 4.933160e+00 1.008769e+00 4.481198e+00
-2.350858e+00 1.188182e+00 5.171144e+00 8.185233e+00 3.671654e+03
-1.025475e+00 1.599332e+00 4.852664e+00 1.358748e+00 1.833201e+02
2.919533e-01 -6.672940e-01 7.042986e+00 1.927351e+00 4.738762e+02
1.304828e+00 -7.769655e-01 5.254064e+00 1.333206e+00 1.702682e+02
1.783183e+00 -1.023250e+00 5.562292e+00 1.418022e+00 2.136093e+02
-1.359510e+00 -1.671786e+00 4.415851e+00 1.392201e+00 2.004148e+02
-4.416604e+00 -7.890132e-01 5.022767e+00 7.672531e+00 3.409663e+03
-2.659971e+00 -2.552863e-01 5.326854e+00 8.180491e+00 3.669231e+03
-4.662362e-01 -6.472783e-01 5.537765e+00 1.001320e+00 6.746270e-01
-2.561443e+00 7.090812e-01 4.802094e+00 8.226789e+00 3.692889e+03
-8.785751e-01 -1.032283e+00 5.387817e+00 1.381224e+00 1.948055e+02
-1.229733e+00 2.029798e+00 4.977476e+00 7.695720e+00 3.421513e+03
3.167215e-01 -1.282684e+00 4.355856e+00 1.000983e+00 5.024116e-01
-1.562503e+00 1.097026e+00 4.855258e+00 1.360968e+00 1.844547e+02
-2.479000e+00 -1.849700e-01 4.892824e+00 8.203315e+00 3.680894e+03
-2.377305e+00 -1.834076e-01 5.111455e+00 8.150572e+00 3.653942e+03
-1.083886e+00 -8.727145e-01 4.910294e+00 8.144022e+00 3.650595e+03
1.471158e+00 -1.503805e+00 5.603612e+00 1.277782e+00 1.419464e+02
-1.253140e+00 5.974916e-01 5.289623e+00 1.398125e+00 2.034419e+02
4.273109e-01 -1.960955e+00 5.247628e+00 1.344752e+00 1.761684e+02
-2.636299e+00 1.155363e-01 4.753046e+00 8.203592e+00 3.681036e+03
-2.867810e+00 -2.982400e+00 5.006681e+00 7.662498e+00 3.404536e+03
-1.860787e+00 -5.648818e-01 4.999985e+00 8.255710e+00 3.707668e+03
2.284058e+00 -5.767899e-02 5.437400e+00 1.371738e+00 1.899580e+02
-1.052370e+00 8.332747e-01 6.181164e+00 1.411055e+00 2.100490e+02
1.019411e+00 1.756318e+00 5.587813e+00 1.337251e+00 1.723352e+02
1.020807e+00 -1.195276e+00 5.937858e+00 1.392156e+00 2.003918e+02
1.962114e+00 -5.319965e-01 6.427806e+00 1.649083e+00 3.316813e+02
-1.939073e-01 -9.865758e-01 4.090073e+00 1.487516e+00 2.491209e+02
-5.559172e-02 -3.884840e-01 4.809085e+00 1.002524e+00 1.289596e+00
5.758217e-01 1.048174e+00 4.231503e+00 1.386144e+00 1.973194e+02
4.172538e-02 2.725139e-01 3.123098e+00 1.002374e+00 1.213113e+00
-1.883016e+00 1.235416e+00 5.284010e+00 1.481878e+00 2.462399e+02
-4.388315e-01 -2.155002e+00 5.190191e+00 1.407347e+00 2.081543e+02
2.268348e-01 1.377638e+00 4.273551e+00 1.003963e+00 2.024986e+00
6.621969e-01 -1.378037e+00 4.392462e+00 1.359108e+00 1.835039e+02
-1.871887e+00 1.074941e-01 3.459987e+00 1.396656e+00 2.026910e+02
-2.024699e-01 -2.900057e-04 4.490010e+00 1.002140e+00 1.093571e+00
1.715234e+00 4.947829e-01 4.373697e+00 1.384460e+00 1.964589e+02
8.981361e-02 -4.218419e-01 5.307768e+00 1.007460e+00 3.812238e+00
3.380361e-01 -1.170038e+00 4.547547e+00 1.387093e+00 1.978046e+02
-1.630651e+00 -8.343283e-01 4.965305e+00 8.158117e+00 3.657798e+03
-3.033617e+00 1.574775e+00 4.984665e+00 7.719339e+00 3.433582e+03
-1.623285e+00 -1.125705e+00 4.895379e+00 1.601719e+00 3.074784e+02
-4.337203e-01 -1.691855e+00 5.863735e+00 1.329762e+00 1.685083e+02
1.595916e-01 -1.143510e+00 5.515630e+00 1.409708e+00 2.093607e+02
6.611949e-02 -1.180161e+00 4.830930e+00 1.426715e+00 2.180512e+02
-2.946105e-01 -1.598759e+00 5.179657e+00 1.069152e+00 3.533669e+01
-1.514301e+00 -1.429292e+00 5.407684e+00 8.193352e+00 3.675803e+03
-1.824758e-01 1.667360e+00 3.901939e+00 1.356594e+00 1.822193e+02
-2.595024e+00 2.997138e-01 5.270580e+00 8.178698e+00 3.668315e+03
-6.270387e-01 -3.339690e-02 6.715458e+00 1.000403e+00 2.058265e-01
2.991707e-01 8.957420e-01 4.977332e+00 7.680072e+00 3.413517e+03
-1.188915e+00 6.499553e-01 5.153908e+00 8.208112e+00 3.683345e+03
-2.513489e-02 1.439675e+00 6.881821e+00 1.514173e+00 2.627423e+02
-7.637023e-01 9.611645e-01 6.151915e+00 1.368138e+00 1.881183e+02
1.002773e+00 -1.597312e+00 5.429042e+00 1.333405e+00 1.703699e+02
-1.310130e+00 2.418350e-01 5.012276e+00 8.104927e+00 3.630618e+03
5.712161e-01 1.786180e+00 4.718326e+00 1.304192e+00 1.554422e+02
5.303933e-01 1.216528e+00 2.887665e+00 1.402858e+00 2.058606e+02
1.386136e+00 8.148150e-01 5.584460e+00 1.340993e+00 1.742476e+02
-1.163080e+00 2.770704e-01 4.820024e+00 1.426090e+00 2.177319e+02
-1.135569e+00 7.760212e-01 7.897612e+00 1.363229e+00 1.856102e+02
1.923259e+00 8.700951e-01 5.113031e+00 1.333527e+00 1.704325e+02
-1.667135e+00 1.639220e-02 4.513255e+00 1.307138e+00 1.569474e+02
-2.578136e+00 5.307075e-01 5.265348e+00 8.181141e+00 3.669563e+03
-1.531708e+00 -3.046658e+00 4.973676e+00 7.719429e+00 3.433628e+03
-1.187970e+00 1.172617e-01 5.812522e+00 1.403014e+00 2.059404e+02
-1.089762e+00 -2.321436e-01 4.827741e+00 8.237202e+00 3.698210e+03
-1.894733e+00 -8.940935e-02 4.237816e+00 1.373206e+00 1.907083e+02
2.197247e+00 6.586109e-01 4.528814e+00 1.409282e+00 2.091431e+02
-1.129964e+00 1.340890e+00 4.407791e+00 1.566798e+00 2.896336e+02
-1.048921e+00 -6.577313e-01 4.092108e+00 1.348864e+00 1.782695e+02
1.066697e+00 9.599721e-01 4.687895e+00 1.381832e+00 1.951161e+02
-1.238493e+00 -1.440279e-01 3.544345e+00 1.577744e+00 2.952272e+02
-9.660487e-01 -7.165383e-01 5.198269e+00 1.396881e+00 2.028061e+02
2.052389e+00 9.687944e-01 5.415541e+00 1.359234e+00 1.835685e+02
-1.501931e+00 -2.988486e-01 4.885862e+00 1.341746e+00 1.746322e+02
-1.140859e+00 -1.583373e+00 4.873169e+00 1.335298e+00 1.713372e+02
6.715014e-01 -4.099751e-01 6.025084e+00 1.420529e+00 2.148903e+02
-1.163293e+00 2.011567e+00 5.018213e+00 7.721617e+00 3.434746e+03
-1.515688e+00 -3.066399e+00 5.022339e+00 7.705198e+00 3.426356e+03
-9.959598e-01 -1.103046e+00 5.607073e+00 1.423341e+00 2.163275e+02
-3.587312e-01 -1.850153e+00 4.559251e+00 1.110300e+00 5.636330e+01
2.056875e+00 -3.560939e-01 4.750992e+00 1.395442e+00 2.020708e+02
-1.004464e+00 -7.746412e-01 4.539616e+00 2.024939e+00 5.237439e+02
-1.748486e+00 -3.750793e-01 5.642932e+00 1.321839e+00 1.644596e+02
-1.458504e+00 1.291577e+00 4.932955e+00 1.007081e+00 3.618586e+00
5.807882e-01 8.818713e-01 5.703164e+00 1.016160e+00 8.257577e+00
-8.767081e-01 -1.208074e+00 5.279676e+00 1.412727e+00 2.109037e+02
8.058326e-01 7.073813e-01 7.200635e+00 1.001320e+00 6.743700e-01
-1.688898e+00 -1.259935e-01 5.004035e+00 8.248396e+00 3.703930e+03
1.130390e+00 -4.259458e-01 4.726321e+00 1.363114e+00 1.855511e+02
1.258754e-02 -1.188420e+00 6.024791e+00 1.362095e+00 1.850303e+02
1.381800e+00 -5.376911e-02 2.577964e+00 1.481298e+00 2.459432e+02
-1.185197e+00 -6.337962e-01 4.913005e+00 8.182029e+00 3.670017e+03
1.036700e+00 4.273818e-01 5.873279e+00 1.409636e+00 2.093242e+02
-9.859144e-01 2.304271e-01 6.798037e+00 1.483342e+00 2.469878e+02
6.644017e-01 5.038137e-01 3.523199e+00 1.469712e+00 2.400229e+02
-1.275712e+00 3.105476e-02 4.898138e+00 8.118523e+00 3.637565e+03
-1.831897e+00 -5.517531e-01 4.941789e+00 8.254450e+00 3.707024e+03
-1.245406e+00 -7.754138e-01 4.301088e+00 1.461758e+00 2.359585e+02
-4.876073e-01 1.680162e+00 5.301950e+00 1.362183e+00 1.850754e+02
-2.444261e+00 -6.119990e-02 4.899498e+00 8.199031e+00 3.678705e+03
-1.462886e-02 1.742005e+00 5.287576e+00 1.414106e+00 2.116082e+02
-1.132892e+00 -2.150530e-02 3.190433e+00 1.005751e+00 2.938974e+00
1.493217e+00 -1.258006e+00 5.167438e+00 1.152077e+00 7.771141e+01
-1.090946e+00 -2.539497e-01 6.716798e+00 1.005269e+00 2.692585e+00
1.669386e-01 3.301440e-01 3.711607e+00 1.002230e+00 1.139467e+00
-1.337729e+00 2.576701e-01 5.025780e+00 8.208631e+00 3.683611e+03
-2.091680e+00 -5.388344e-01 5.017218e+00 8.261714e+00 3.710736e+03
-3.700477e-01 1.485473e+00 5.585827e+00 1.334702e+00 1.710327e+02
-3.778109e-01 1.668613e+00 5.796717e+00 1.374689e+00 1.914662e+02
2.268574e+00 -4.721187e-01 6.078828e+00 1.408219e+00 2.086001e+02
-1.882176e-01 -2.128713e+00 4.765931e+00 1.341064e+00 1.742835e+02
1.655172e+00 -1.141291e+00 5.891379e+00 1.407511e+00 2.082383e+02
-1.570405e+00 -3.143041e-01 5.218515e+00 8.228057e+00 3.693537e+03
-2.739235e-02 -1.268605e+00 8.127948e+00 1.002420e+00 1.236791e+00
4.624100e-01 -1.314898e+00 4.486082e+00 1.319885e+00 1.634612e+02
-9.645857e-01 3.995697e-01 5.661709e+00 1.545158e+00 2.785759e+02
-1.210528e+00 -1.553226e+00 5.686000e+00 1.360769e+00 1.843530e+02
1.739719e+00 -2.087668e-01 5.811392e+00 1.313690e+00 1.602957e+02
-2.102945e+00 -8.824242e-01 5.320301e+00 8.253069e+00 3.706318e+03
-2.665035e+00 4.919149e-01 4.958167e+00 8.092030e+00 3.624027e+03
2.196459e-01 1.450334e+00 6.222371e+00 1.434824e+00 2.221950e+02
-1.456773e+00 -4.214141e-02 5.144534e+00 8.234857e+00 3.697012e+03
7.196442e-01 -8.237039e-01 4.627823e+00 1.548100e+00 2.800789e+02
-4.278982e-01 4.671499e-01 4.215537e+00 1.002174e+00 1.110817e+00
1.176518e+00 1.735169e+00 5.286482e+00 1.423613e+00 2.164664e+02
1.381681e+00 -1.493201e+00 5.513611e+00 1.318428e+00 1.627165e+02
-1.453214e+00 5.926702e-01 4.615860e+00 1.002419e+00 1.236319e+00
-4.417374e+00 -5.974624e-01 5.002314e+00 7.685996e+00 3.416544e+03
-1.456432e+00 -7.187689e-01 5.155101e+00 8.214143e+00 3.686427e+03
7.100193e-02 -2.911422e-01 5.969849e+00 1.000153e+00 7.825404e-02
-8.995940e-01 7.408767e-01 5.771111e+00 1.000696e+00 3.558633e-01
-6.144473e-01 -1.251272e+00 5.730783e+00 1.318485e+00 1.627456e+02
-1.108889e+00 7.701959e-01 3.858011e+00 1.008884e+00 4.539672e+00
-1.117635e+00 -1.317014e-01 3.244859e+00 1.550385e+00 2.812466e+02
1.872585e+00 -5.582876e-02 5.797887e+00 1.337610e+00 1.725189e+02
5.665489e-01 -1.294788e+00 3.509095e+00 1.422574e+00 2.159355e+02
-1.158569e+00 -3.717059e-01 7.652102e+00 1.002513e+00 1.283996e+00
-6.225240e-01 1.446592e+00 5.299792e+00 1.360711e+00 1.843234e+02
7.389218e-01 -2.538479e-01 4.828473e+00 1.462531e+00 2.363533e+02
-2.132858e+00 9.709658e-01 5.018040e+00 8.174559e+00 3.666200e+03
3.726619e-01 -1.760990e+00 5.095595e+00 1.340447e+00 1.739686e+02
5.694028e-01 -1.022286e+00 4.349911e+00 1.397794e+00 2.032727e+02
8.052963e-01 -3.486510e-01 4.384065e+00 1.476679e+00 2.435828e+02
1.130781e-01 1.056853e-01 4.489688e+00 1.001053e+00 5.380500e-01
7.985746e-01 -1.703542e+00 6.776535e+00 1.408410e+00 2.086975e+02
-1.562588e+00 -6.071073e-01 5.371160e+00 1.316266e+00 1.616120e+02
-2.603183e+00 -1.095672e-01 5.038146e+00 8.206701e+00 3.682624e+03
3.142640e-01 -1.621915e+00 4.979361e+00 7.729496e+00 3.438772e+03
1.062622e+00 -1.215834e+00 4.321080e+00 1.324144e+00 1.656375e+02
7.120968e-01 -1.512011e+00 4.663153e+00 1.345282e+00 1.764394e+02
1.378831e+00 -3.523317e-01 2.731189e+00 1.001385e+00 7.079860e-01
1.020578e+00 -1.300435e+00 5.598882e+00 1.331296e+00 1.692921e+02
1.371967e+00 1.143245e+00 4.322041e+00 1.398245e+00 2.035033e+02
1.304909e+00 -1.082442e+00 6.341889e+00 1.370012e+00 1.890763e+02
-8.361596e-01 2.651136e-01 4.016423e+00 1.557675e+00 2.849719e+02
-1.773606e+00 -8.283007e-01 5.572956e+00 1.335289e+00 1.713327e+02
-1.487980e+00 -1.072435e+00 5.273571e+00 1.486311e+00 2.485048e+02
1.570335e+00 -2.479068e-01 4.830969e+00 1.369144e+00 1.886325e+02
1.268344e+00 7.384738e-01 3.327356e+00 1.529961e+00 2.708100e+02
1.470588e-01 -1.505264e+00 5.582082e+00 1.307355e+00 1.570582e+02
-1.351018e+00 -1.393835e+00 3.765054e+00 1.496083e+00 2.534986e+02
-1.292257e+00 6.409074e-01 3.446525e+00 1.425744e+00 2.175552e+02
1.241675e+00 -8.398000e-01 2.964111e+00 1.008472e+00 4.328970e+00
-3.246199e-02 -1.920993e+00 5.144390e+00 1.353116e+00 1.804425e+02
-1.415786e-01 7.488453e-01 4.180353e+00 1.503527e+00 2.573024e+02
-9.678947e-01 -1.614016e+00 4.954205e+00 8.190681e+00 3.674438e+03
1.616047e+00 6.857068e-01 4.501113e+00 1.336150e+00 1.717727e+02
-4.226745e+00 -1.092400e+00 5.013816e+00 7.732861e+00 3.440492e+03
8.640530e-01 1.349935e+00 4.653380e+00 1.442295e+00 2.260128e+02
-2.792878e-02 -1.489039e+00 4.305519e+00 1.301090e+00 1.538569e+02
-1.561113e+00 -2.640614e-01 4.791117e+00 1.328439e+00 1.678323e+02
7.781425e-01 -1.433380e+00 5.095926e+00 1.252503e+00 1.290290e+02
1.393007e+00 7.506544e-01 4.921794e+00 1.300563e+00 1.535879e+02
-8.576040e-01 -8.027734e-01 4.495419e+00 1.366782e+00 1.874258e+02
-1.151669e+00 -4.652744e-01 4.704651e+00 1.371097e+00 1.896305e+02
-2.741395e+00 -2.207872e-01 5.079647e+00 8.218559e+00 3.688683e+03
-2.294277e-01 2.361353e+00 4.823741e+00 1.492101e+00 2.514637e+02
4.665063e-01 -8.648277e-01 6.599524e+00 1.444671e+00 2.272271e+02
1.561858e+00 -8.349198e-01 4.445501e+00 1.327865e+00 1.675388e+02
-5.459296e-02 -1.220116e+00 5.267151e+00 1.490435e+00 2.506121e+02
1.249595e+00 -7.914831e-01 5.212526e+00 1.374223e+00 1.912279e+02
8.750963e-01 1.272755e+00 5.011606e+00 1.336802e+00 1.721056e+02
-1.525978e-01 -1.186409e+00 5.141384e+00 1.384732e+00 1.965982e+02
-1.882871e+00 -1.042503e+00 5.158896e+00 8.235780e+00 3.697484e+03
-1.816885e+00 1.189698e+00 4.852115e+00 8.195630e+00 3.676967e+03
6.890337e-01 -1.699479e+00 4.003729e+00 1.539872e+00 2.758746e+02
7.163482e-01 -6.559941e-01 4.893282e+00 7.669173e+00 3.407947e+03
2.078482e+00 3.568875e-01 5.457499e+00 1.347862e+00 1.777574e+02
-1.694312e+00 -1.288843e+00 5.012255e+00 8.226484e+00 3.692733e+03
-1.119376e+00 -7.193765e-01 4.830830e+00 1.321516e+00 1.642945e+02
9.770539e-01 1.226333e+00 6.718971e+00 1.378321e+00 1.933218e+02
-1.426892e+00 -3.236629e-01 5.322872e+00 1.420040e+00 2.146406e+02
8.006046e-01 1.707791e+00 4.298917e+00 1.392409e+00 2.005212e+02
9.881362e-01 1.160088e+00 5.173148e+00 1.338714e+00 1.730827e+02
9.758549e-01 -8.912890e-01 6.045537e+00 1.453515e+00 2.317462e+02
1.468643e+00 -4.036424e-01 4.600300e+00 1.374950e+00 1.915995e+02
6.526601e-01 -1.125886e+00 4.600233e+00 1.418658e+00 2.139341e+02
-4.328526e-01 1.175202e+00 5.358805e+00 1.366194e+00 1.871253e+02
-2.717339e-01 1.583301e+00 4.573039e+00 1.318195e+00 1.625974e+02
-8.080108e-01 -6.621767e-01 5.850039e+00 1.404010e+00 2.064490e+02
1.508247e+00 1.481687e+00 4.255805e+00 1.008277e+00 4.229729e+00
1.311143e+00 -1.215627e+00 5.363833e+00 1.337394e+00 1.724086e+02
-3.670032e+00 1.552106e+00 5.056210e+00 7.653806e+00 3.400095e+03
1.439789e+00 2.725316e-01 4.692440e+00 1.429324e+00 2.193846e+02
-2.255583e+00 -8.144667e-01 4.768840e+00 8.196884e+00 3.677608e+03
-1.909996e+00 -1.166099e+00 4.988985e+00 8.204200e+00 3.681346e+03
-1.759224e+00 -1.166512e-01 5.238578e+00 1.334583e+00 1.709719e+02
-1.677933e+00 -1.556952e+00 5.601378e+00 1.382015e+00 1.952099e+02
-5.587754e-01 4.774674e-01 5.986046e+00 1.001470e+00 7.511210e-01
-2.165935e+00 3.302251e-01 5.057654e+00 8.222135e+00 3.690511e+03
1.619564e+00 1.006309e+00 5.310487e+00 1.293589e+00 1.500239e+02
-1.607109e+00 4.778599e-02 5.198624e+00 8.248271e+00 3.703867e+03
-6.727417e-01 1.671099e+00 4.505619e+00 1.368479e+00 1.882928e+02
4.936066e-01 1.054135e+00 5.406066e+00 1.390167e+00 1.993754e+02
-5.109009e-01 -1.394616e+00 3.750105e+00 1.350034e+00 1.788672e+02
-2.463080e+00 1.333355e-02 5.013461e+00 8.243036e+00 3.701191e+03
4.379925e-01 -1.559248e+00 5.000932e+00 7.714725e+00 3.431224e+03
-1.202730e+00 1.162026e+00 4.906284e+00 1.340897e+00 1.741986e+02
-1.387897e+00 -1.484176e+00 4.439999e+00 1.145193e+00 7.419349e+01
-9.933575e-01 4.860061e-02 4.696193e+00 8.217292e+00 3.688036e+03
-1.389487e+00 6.212867e-01 5.706540e+00 1.398263e+00 2.035126e+02
-7.290246e-01 1.308684e+00 6.141383e+00 1.367810e+00 1.879508e+02
1.321627e+00 -1.251805e+00 6.812964e+00 1.003157e+00 1.613065e+00
-2.455664e+00 2.803999e-01 5.199621e+00 8.194901e+00 3.676594e+03
-2.619160e+00 -7.525877e-01 4.722727e+00 8.144099e+00 3.650635e+03
1.297000e+00 -1.906336e+00 5.835049e+00 1.311021e+00 1.589316e+02
-2.209122e+00 -3.694385e-01 5.034175e+00 8.241297e+00 3.700303e+03
1.899748e-01 7.256965e-02 5.297898e+00 1.001495e+00 7.638713e-01
-1.311549e+00 -1.604416e+00 5.209821e+00 8.236166e+00 3.697681e+03
-1.280738e+00 -6.082367e-01 4.555330e+00 1.314320e+00 1.606173e+02
-1.462905e+00 1.091705e+00 4.343523e+00 1.486913e+00 2.488127e+02
-2.911298e-01 2.083326e+00 5.629221e+00 1.381962e+00 1.951828e+02
8.681394e-01 1.403534e+00 4.085512e+00 1.503388e+00 2.572312e+02
-1.963512e+00 -2.304708e-01 4.936823e+00 8.270002e+00 3.714971e+03
1.030889e+00 -1.504745e+00 4.577196e+00 1.313893e+00 1.603992e+02
1.658016e-01 5.078541e-01 3.650106e+00 1.001633e+00 8.345224e-01
-1.328755e+00 -7.784008e-02 6.541458e+00 1.495345e+00 2.531215e+02
-1.365508e+00 -3.481174e-01 5.005396e+00 8.201344e+00 3.679887e+03
-4.340293e+00 -1.053822e+00 4.979846e+00 7.686634e+00 3.416870e+03
-1.827644e+00 -3.609271e-01 4.884440e+00 1.313329e+00 1.601110e+02
-8.207365e-01 1.534100e+00 4.290838e+00 1.466110e+00 2.381821e+02
-2.065143e-01 -2.084180e+00 4.922848e+00 1.352952e+00 1.803585e+02
-5.042271e-01 -2.129710e+00 4.100363e+00 1.390343e+00 1.994650e+02
1.827889e+00 -1.283461e+00 4.841277e+00 1.465954e+00 2.381025e+02
-2.373811e-01 2.108234e-02 5.720835e+00 1.001457e+00 7.446968e-01
-1.276526e+00 -7.450017e-01 4.930525e+00 8.228974e+00 3.694006e+03
-4.917163e-02 -1.825663e+00 4.879016e+00 1.100522e+00 5.136698e+01
4.272493e-01 -1.262312e+00 5.563364e+00 1.458206e+00 2.341432e+02
-1.478150e+00 -3.195994e+00 5.013353e+00 7.662251e+00 3.404410e+03
1.345004e+00 7.335042e-01 4.316155e+00 1.376900e+00 1.925958e+02
-7.588911e-01 -1.854916e+00 4.774558e+00 1.348447e+00 1.780566e+02
-1.287854e-01 1.267997e+00 5.967500e+00 1.451525e+00 2.307293e+02
-2.927099e-01 5.356170e-01 4.836078e+00 1.001328e+00 6.784410e-01
-1.087252e+00 1.292401e+00 4.733050e+00 1.352046e+00 1.798957e+02
1.419795e+00 1.352983e+00 4.057393e+00 1.407630e+00 2.082992e+02
4.134598e-02 1.323760e+00 6.450101e+00 1.346098e+00 1.768561e+02
1.146608e+00 -1.968285e-01 5.015246e+00 1.465024e+00 2.376272e+02
-9.007729e-01 -6.773171e-01 5.042605e+00 1.424562e+00 2.169510e+02
-1.161507e+00 -7.546490e-01 7.015791e+00 1.426664e+00 2.180253e+02
-4.322746e+00 2.404257e-01 5.053919e+00 7.696101e+00 3.421707e+03
-1.167008e+00 -5.344160e-01 4.916539e+00 8.181863e+00 3.669932e+03
1.590251e+00 1.313343e+00 5.501392e+00 1.366989e+00 1.875316e+02
-1.398739e+00 -1.055435e+00 4.870589e+00 8.253086e+00 3.706327e+03
-1.386527e+00 9.392490e-01 2.741858e+00 1.002240e+00 1.144690e+00
1.147245e+00 -7.561838e-02 4.160132e+00 1.374667e+00 1.914546e+02
-1.827878e+00 -3.215554e-01 4.624643e+00 1.305453e+00 1.560864e+02
2.275603e+00 7.546069e-01 5.222496e+00 1.591649e+00 3.023324e+02
1.299322e+00 -8.913704e-01 5.128190e+00 1.345989e+00 1.768002e+02
1.093361e+00 -1.427137e+00 4.392360e+00 1.330144e+00 1.687034e+02
-1.378530e+00 -5.065600e-01 5.275875e+00 8.165526e+00 3.661584e+03
-1.731702e+00 2.893174e-01 4.796992e+00 8.234532e+00 3.696846e+03
1.445409e+00 -5.777401e-01 4.320203e+00 1.338994e+00 1.732261e+02
-1.024442e+00 -1.343819e+00 5.352144e+00 1.295513e+00 1.510072e+02
5.466248e-01 8.420890e-01 5.093123e+00 1.510661e+00 2.609476e+02
-1.120932e+00 -4.548233e-01 6.116714e+00 1.393587e+00 2.011229e+02
-1.079998e+00 -1.413668e+00 4.487412e+00 1.312308e+00 1.595893e+02
-1.251413e+00 -3.877789e-01 5.112580e+00 8.232681e+00 3.695900e+03
-1.569919e+00 -2.897931e-01 4.657104e+00 1.330118e+00 1.686901e+02
-1.044615e+00 -1.522000e+00 5.036529e+00 1.374571e+00 1.914059e+02
-1.286496e+00 -2.120234e+00 4.784782e+00 8.173296e+00 3.665554e+03
-1.246160e-01 -3.047523e-01 6.066013e+00 1.002794e+00 1.427769e+00
7.086143e-01 3.854907e-01 4.881146e+00 1.417370e+00 2.132759e+02
3.136905e-01 1.361299e+00 5.072163e+00 1.376035e+00 1.921539e+02
-3.197012e-01 -7.952111e-01 4.328759e+00 1.416407e+00 2.127839e+02
-9.227592e-01 -6.341977e-01 4.407438e+00 1.384848e+00 1.966574e+02
7.783832e-01 -9.121330e-01 4.762932e+00 1.361950e+00 1.849567e+02
1.236318e+00 5.028742e-01 3.056393e+00 1.530449e+00 2.710594e+02
-1.230682e+00 1.480788e-01 5.238444e+00 8.245376e+00 3.702387e+03
-1.052496e+00 -3.997331e-01 4.685136e+00 8.216469e+00 3.687616e+03
7.122106e-01 1.066255e+00 5.859023e+00 1.414416e+00 2.117665e+02
6.308646e-01 1.097676e+00 6.069179e+00 1.006360e+00 3.249737e+00
-1.796232e+00 -7.423890e-01 4.503475e+00 1.379018e+00 1.936782e+02
3.856072e-01 -1.673579e+00 4.974132e+00 7.714284e+00 3.430999e+03
-2.839841e+00 -2.888054e+00 4.950039e+00 7.686170e+00 3.416633e+03
-1.887128e+00 -3.800177e-01 5.155897e+00 8.255121e+00 3.707367e+03
-1.324659e+00 -5.033842e-01 4.819037e+00 8.226595e+00 3.692790e+03
-5.238637e-01 -1.030632e+00 4.347069e+00 1.431527e+00 2.205105e+02
-6.189801e-01 -2.871854e+00 4.966094e+00 7.677728e+00 3.412319e+03
8.822747e-01 -1.471405e+00 4.539034e+00 1.312536e+00 1.597057e+02
4.501167e-01 9.582963e-01 5.657250e+00 1.422407e+00 2.158498e+02
1.684103e+00 1.004925e+00 5.730620e+00 1.332607e+00 1.699622e+02
-3.523880e-01 1.965634e+00 5.882756e+00 1.473237e+00 2.418239e+02
-2.722891e+00 2.101788e+00 5.063677e+00 7.657635e+00 3.402052e+03
-2.577667e+00 -2.945284e+00 5.037252e+00 7.702961e+00 3.425213e+03
7.163842e-01 6.066160e-01 4.716813e+00 1.437551e+00 2.235885e+02
-1.517229e+00 -1.911186e+00 5.486677e+00 1.382186e+00 1.952970e+02
-2.320122e-01 -1.469711e-01 4.390352e+00 1.009391e+00 4.798549e+00
-1.661265e-01 -1.696935e+00 5.025478e+00 1.334923e+00 1.711456e+02
-1.572348e+00 -7.585493e-01 5.008457e+00 8.217314e+00 3.688047e+03
-1.719475e+00 -1.133519e+00 5.360899e+00 1.005387e+00 2.752960e+00
9.396046e-01 6.866939e-01 7.349404e+00 1.005788e+00 2.957660e+00
-1.885373e-01 -1.466143e+00 4.210807e+00 1.402612e+00 2.057346e+02
1.319527e+00 2.014736e-01 7.343821e+00 1.002757e+00 1.408656e+00
-2.785583e+00 -1.749807e-02 4.791088e+00 8.229059e+00 3.694049e+03
-1.228970e+00 -1.995959e-01 5.164379e+00 8.145414e+00 3.651306e+03
7.883252e-01 -1.875308e-01 3.784499e+00 1.547317e+00 2.796790e+02
-2.350665e+00 -9.493450e-01 4.775215e+00 8.167481e+00 3.662583e+03
1.473844e+00 -1.597433e+00 6.982203e+00 1.554087e+00 2.831384e+02
-6.677291e-01 2.479786e-01 5.890070e+00 1.000153e+00 7.817883e-02
1.103023e+00 7.157055e-01 5.064768e+00 1.418265e+00 2.137336e+02
7.236745e-01 -1.039764e+00 6.216275e+00 1.484694e+00 2.476785e+02
-7.715856e-02 2.030312e+00 4.865884e+00 1.378325e+00 1.933243e+02
2.615449e-02 1.056033e-01 6.965296e+00 1.001415e+00 7.228368e-01
1.008557e-01 -2.245989e+00 5.838565e+00 1.366352e+00 1.872058e+02
-9.399796e-01 -1.767492e+00 5.783897e+00 1.335157e+00 1.712651e+02
-1.513865e+00 -3.508775e-02 4.746164e+00 1.472386e+00 2.413895e+02
-2.710257e-02 4.412578e-01 8.597321e+00 1.000065e+00 3.309704e-02
-2.050053e+00 1.937881e-01 5.744745e+00 1.316228e+00 1.615926e+02
-4.805951e-01 1.168838e+00 5.441873e+00 1.002653e+00 1.355774e+00
-1.068970e+00 2.076914e-02 4.582656e+00 8.221402e+00 3.690137e+03
-1.823181e+00 2.216559e-02 5.065233e+00 8.232979e+00 3.696052e+03
-1.127134e+00 2.520054e-01 5.890076e+00 1.371050e+00 1.896064e+02
-1.116281e+00 -3.174775e-01 4.873679e+00 8.197380e+00 3.677861e+03
-1.392858e+00 1.326908e-01 4.965019e+00 1.009040e+00 4.619337e+00
1.849669e+00 7.519979e-01 5.527448e+00 1.504906e+00 2.580071e+02
1.332705e+00 3.973854e-01 4.662719e+00 1.518511e+00 2.649592e+02
-2.291229e+00 -8.788847e-01 4.899560e+00 8.207377e+00 3.682970e+03
-6.336523e-01 -1.054677e+00 5.581518e+00 1.460328e+00 2.352278e+02
4.359862e-01 2.627530e-01 4.425195e+00 1.000737e+00 3.763796e-01
8.205261e-01 1.349128e-01 3.788060e+00 1.446787e+00 2.283081e+02
-9.634495e-01 -4.862537e-01 3.049959e+00 1.484350e+00 2.475028e+02
-6.044650e-01 7.281841e-01 5.750671e+00 1.470826e+00 2.405919e+02
3.031393e-01 -1.378179e+00 6.132943e+00 1.431488e+00 2.204904e+02
-1.069355e+00 6.613443e-01 4.981124e+00 8.246118e+00 3.702766e+03
-2.620313e+00 -2.502109e-01 4.934839e+00 8.164338e+00 3.660977e+03
-9.668342e-01 -9.915317e-01 4.081453e+00 1.455147e+00 2.325803e+02
-4.929548e-01 1.516995e+00 5.547653e+00 1.423778e+00 2.165505e+02
5.434813e-01 1.643058e+00 4.490231e+00 1.468859e+00 2.395867e+02
-9.211448e-01 -3.475231e-01 4.717534e+00 1.423566e+00 2.164422e+02
-1.555251e+00 6.240198e-01 5.182780e+00 1.368529e+00 1.883183e+02
-1.572306e-01 1.096168e+00 5.948557e+00 1.380279e+00 1.943228e+02
1.731235e+00 5.246050e-01 5.313301e+00 1.320207e+00 1.636257e+02
1.325899e+00 -5.333468e-01 5.167671e+00 1.391864e+00 2.002426e+02
3.252888e-01 -5.832903e-01 6.015535e+00 1.000259e+00 1.324900e-01
-3.345094e+00 1.616651e+00 4.972604e+00 7.705288e+00 3.426402e+03
-1.288694e+00 9.882114e-02 3.599460e+00 1.448231e+00 2.290459e+02
1.280636e+00 -9.667395e-01 6.875154e+00 1.417491e+00 2.133379e+02
9.822871e-01 1.388085e+00 4.436841e+00 1.381683e+00 1.950399e+02
5.427366e-01 1.679706e+00 4.175558e+00 1.349722e+00 1.787081e+02
-1.301054e+00 -4.995954e-01 3.844457e+00 1.488739e+00 2.497456e+02
7.199202e-01 1.838796e+00 3.882595e+00 1.520953e+00 2.662070e+02
-1.060372e-02 -1.203275e+00 3.844898e+00 1.385766e+00 1.971265e+02
-1.192469e+00 -5.914568e-01 4.998182e+00 8.221735e+00 3.690306e+03
1.797264e+00 9.963386e-01 6.028765e+00 1.008239e+00 4.210376e+00
2.860754e-01 -2.016947e+00 4.991927e+00 7.673119e+00 3.409964e+03
2.525437e-01 -1.882057e+00 5.323073e+00 1.285884e+00 1.460869e+02
-2.414409e+00 -2.227921e-01 4.918162e+00 8.252000e+00 3.705772e+03
-8.854761e-01 -1.576624e+00 4.785955e+00 1.373032e+00 1.906192e+02
-1.761632e+00 -5.590214e-01 4.382137e+00 1.391850e+00 2.002355e+02
-2.218240e-01 1.723420e-01 3.046979e+00 1.000850e+00 4.343892e-01
-2.049686e+00 2.809777e-01 4.699603e+00 8.182538e+00 3.670277e+03
-2.827206e-01 -1.316123e+00 5.069280e+00 1.432364e+00 2.209378e+02
-2.132858e+00 3.209862e-01 5.186724e+00 8.244645e+00 3.702013e+03
1.389196e+00 6.295902e-01 6.148335e+00 1.404165e+00 2.065283e+02
-1.353934e+00 7.643710e-01 6.067154e+00 1.002690e+00 1.374425e+00
-1.398582e+00 7.643310e-01 4.874113e+00 1.315896e+00 1.614229e+02
3.872005e-01 1.367296e+00 7.452326e+00 1.534438e+00 2.730981e+02
1.128947e-01 -2.257030e+00 5.010575e+00 7.686386e+00 3.416743e+03
5.949708e-02 -5.606765e-01 5.427623e+00 1.001490e+00 7.612515e-01
-1.637787e+00 -8.021812e-02 5.978523e+00 1.542600e+00 2.772686e+02
7.573999e-01 -1.264740e+00 7.106852e+00 1.464663e+00 2.374426e+02
-1.251120e+00 5.463974e-01 4.529735e+00 1.369138e+00 1.886293e+02
1.672644e+00 8.748807e-01 5.471095e+00 1.339504e+00 1.734864e+02
1.626204e+00 1.154954e+00 4.555514e+00 1.354120e+00 1.809553e+02
9.897190e-02 -1.351626e+00 5.741638e+00 1.400399e+00 2.046041e+02
1.757593e+00 9.779154e-01 4.675918e+00 1.359833e+00 1.838747e+02
-1.811109e+00 -3.032674e-01 4.432731e+00 1.003809e+00 1.946265e+00
-9.423897e-01 -5.387276e-01 4.070286e+00 1.430493e+00 2.199820e+02
-2.778869e+00 3.042093e-01 4.972932e+00 8.252237e+00 3.705893e+03
-2.317442e+00 -3.713979e-01 5.131092e+00 8.216714e+00 3.687741e+03
1.402095e+00 1.577032e-01 4.879470e+00 1.423393e+00 2.163537e+02
-9.346091e-01 1.071345e+00 5.811196e+00 1.483411e+00 2.470232e+02
-2.543616e+00 -4.474950e-02 5.222194e+00 8.239656e+00 3.699464e+03
-1.401972e+00 -4.627551e-01 4.793628e+00 1.373903e+00 1.910644e+02
-2.536662e+00 -2.266936e-01 4.977549e+00 8.246877e+00 3.703154e+03
7.200233e-01 -1.139094e+00 5.586001e+00 1.419573e+00 2.144020e+02
-9.741788e-01 -1.665988e+00 4.355289e+00 1.326414e+00 1.667974e+02
-2.467490e+00 -4.724875e-01 4.702594e+00 8.218104e+00 3.688451e+03
-1.361953e+00 1.119647e-01 5.617501e+00 1.349879e+00 1.787881e+02
-9.530081e-01 -9.292069e-01 4.610207e+00 1.530296e+00 2.709814e+02
8.063924e-01 5.553797e-01 6.541684e+00 1.462430e+00 2.363018e+02
-1.216485e+00 -1.432173e+00 5.261158e+00 1.357361e+00 1.826115e+02
-1.457657e+00 5.477234e-01 5.523522e+00 1.347253e+00 1.774465e+02
1.839468e-01 1.518335e+00 4.770556e+00 1.360006e+00 1.839633e+02
5.352953e-01 2.091728e+00 4.654863e+00 1.440244e+00 2.249649e+02
-9.181795e-01 -8.345819e-01 4.589104e+00 8.220208e+00 3.689526e+03
-6.116463e-01 1.621681e+00 5.692996e+00 1.357258e+00 1.825587e+02
-1.933725e+00 -1.393988e+00 5.203686e+00 8.200353e+00 3.679380e+03
1.394013e+00 -2.753087e-01 5.459888e+00 1.416212e+00 2.126845e+02
-2.205115e+00 -8.804797e-01 4.620138e+00 8.230837e+00 3.694958e+03
-2.403706e+00 -9.247217e-01 4.830100e+00 8.246475e+00 3.702949e+03
-9.078158e-01 1.994304e+00 4.991754e+00 7.658998e+00 3.402748e+03
1.355694e+00 1.317926e+00 4.403937e+00 1.510727e+00 2.609815e+02
-3.478521e+00 1.631706e+00 5.037002e+00 7.660018e+00 3.403269e+03
-1.320193e+00 -3.567578e-01 2.122146e+00 1.003311e+00 1.691797e+00
1.018982e+00 -1.367427e-01 5.618960e+00 1.382095e+00 1.952504e+02
-2.391003e+00 -3.642012e-01 5.222762e+00 8.241440e+00 3.700376e+03
-1.018234e+00 -9.693102e-01 4.074292e+00 1.367076e+00 1.875759e+02
-5.791478e-01 9.060715e-01 4.698689e+00 1.413030e+00 2.110585e+02
-4.228375e+00 2.922863e-01 4.946763e+00 7.724409e+00 3.436173e+03
5.311104e-01 2.148215e+00 5.324586e+00 1.348436e+00 1.780510e+02
9.973130e-01 5.621962e-01 4.481088e+00 1.404452e+00 2.066749e+02
3.300153e-01 -1.663418e+00 4.945443e+00 1.332727e+00 1.700236e+02
1.878200e+00 1.431932e-01 5.354780e+00 1.400203e+00 2.045036e+02
-1.584959e+00 -1.705351e+00 5.353621e+00 8.239899e+00 3.699588e+03
-2.972971e-02 1.188150e+00 5.016713e+00 7.726186e+00 3.437081e+03
4.641331e-01 1.147933e+00 5.463389e+00 1.320285e+00 1.636657e+02
7.282135e-01 1.230625e+00 6.430459e+00 1.002238e+00 1.143697e+00
-1.053307e+00 -1.009381e+00 4.576960e+00 1.340684e+00 1.740894e+02
1.045355e+00 1.042916e+00 6.724675e+00 1.418504e+00 2.138555e+02
1.429479e-01 3.740742e-01 7.307156e+00 1.000395e+00 2.019863e-01
4.119253e-02 1.517101e+00 6.341799e+00 1.394873e+00 2.017800e+02
-3.768481e+00 1.257405e+00 4.987747e+00 7.696732e+00 3.422030e+03
-1.049635e+00 -4.070319e-01 4.175252e+00 1.411597e+00 2.103263e+02
1.270093e+00 4.618868e-01 5.060369e+00 1.369688e+00 1.889107e+02
-1.650447e+00 -6.288190e-01 4.222381e+00 1.374155e+00 1.911933e+02
1.643790e+00 3.028187e-01 5.281111e+00 1.309088e+00 1.579442e+02
-5.046787e-01 1.078257e-01 3.888380e+00 1.517577e+00 2.644819e+02
5.731129e-01 -1.323891e+00 5.569247e+00 1.407088e+00 2.080219e+02
-1.925721e+00 1.759312e-01 4.308109e+00 1.310508e+00 1.586694e+02
-2.568708e-01 -1.327542e+00 4.382291e+00 1.396973e+00 2.028530e+02
-8.215956e-01 1.832262e+00 5.006501e+00 1.329173e+00 1.682073e+02
-1.539318e+00 -5.192113e-01 3.600971e+00 1.424209e+00 2.167706e+02
-1.315406e+00 9.467495e-02 5.071065e+00 8.129932e+00 3.643396e+03
1.033211e+00 6.424725e-01 5.612440e+00 1.401219e+00 2.050231e+02
4.096770e-01 -4.736896e-02 5.776802e+00 1.005164e+00 2.638648e+00
-1.590834e+00 -7.200121e-02 4.838820e+00 1.355195e+00 1.815045e+02
-1.533962e+00 -5.516534e-01 5.036382e+00 8.257561e+00 3.708614e+03
-1.400413e+00 -1.168620e+00 4.811202e+00 8.217179e+00 3.687978e+03
-2.608686e-02 -1.897152e+00 5.528544e+00 1.319985e+00 1.635123e+02
1.794716e+00 -5.343011e-02 5.799684e+00 1.384521e+00 1.964905e+02
1.204231e+00 2.990730e-01 4.806536e+00 1.332551e+00 1.699334e+02
-4.867653e-02 -1.093440e+00 5.138543e+00 1.426999e+00 2.181964e+02
-1.141455e+00 2.041629e-01 5.962178e+00 1.436630e+00 2.231178e+02
3.280849e-01 -1.400951e+00 5.648554e+00 1.320527e+00 1.637892e+02
-1.343036e+00 -3.314205e-01 4.936617e+00 1.379680e+00 1.940166e+02
7.432327e-02 1.295233e+00 4.989992e+00 7.659181e+00 3.402842e+03
5.127955e-01 -1.333910e+00 4.972428e+00 7.707399e+00 3.427481e+03
4.715167e-02 -1.274459e+00 5.361856e+00 1.372797e+00 1.904995e+02
1.430791e+00 9.942232e-01 5.316085e+00 1.321722e+00 1.643998e+02
1.189193e+00 -1.934074e-01 5.452012e+00 1.289886e+00 1.481319e+02
-3.993644e-01 -3.062030e-01 3.782735e+00 1.003296e+00 1.684104e+00
-2.794655e+00 3.163290e-01 5.152506e+00 8.118456e+00 3.637531e+03
-1.941158e-01 1.106480e+00 5.435671e+00 1.402581e+00 2.057188e+02
-2.316188e+00 -7.557888e-03 5.069128e+00 8.225815e+00 3.692392e+03
-1.301515e-01 -1.968475e+00 4.263439e+00 1.322513e+00 1.648040e+02
-2.476654e+00 -1.048282e+00 5.159954e+00 8.158662e+00 3.658076e+03
-2.232219e+00 -3.051039e+00 5.008854e+00 7.698285e+00 3.422823e+03
9.658977e-01 -1.395839e+00 5.338985e+00 1.292015e+00 1.492197e+02
-1.796750e+00 -1.230846e+00 4.885989e+00 8.210607e+00 3.684620e+03
-1.173133e+00 -6.995568e-02 4.960304e+00 8.215984e+00 3.687368e+03
-7.732677e-02 -1.113683e+00 3.867796e+00 1.418390e+00 2.137975e+02
-7.866859e-01 -1.115086e+00 3.913307e+00 1.391219e+00 1.999130e+02
-3.575195e-01 6.458859e-01 4.957701e+00 1.460952e+00 2.355467e+02
1.725180e+00 7.167269e-01 4.076827e+00 1.369049e+00 1.885841e+02
-1.870945e+00 -6.343338e-01 5.014957e+00 1.410938e+00 2.099891e+02
-1.478464e+00 -5.250032e-01 5.119358e+00 8.250347e+00 3.704927e+03
-8.680724e-01 -1.458491e+00 5.275748e+00 1.429277e+00 2.193603e+02
1.530805e-01 -3.675038e-01 6.525974e+00 2.374556e+00 7.023980e+02
-2.973649e+00 -2.870783e+00 5.068710e+00 7.678897e+00 3.412917e+03
-1.520027e+00 3.822756e-01 4.917845e+00 8.153346e+00 3.655360e+03
5.969792e-01 -1.534825e+00 4.593774e+00 1.326450e+00 1.668161e+02
6.452810e-01 1.028662e+00 4.237007e+00 1.797746e+00 4.076484e+02
-8.871800e-01 -3.830441e-01 4.751912e+00 1.388648e+00 1.985992e+02
-2.454027e+00 -1.135836e+00 5.087218e+00 8.102881e+00 3.629572e+03
-3.494526e-01 1.267525e+00 6.245676e+00 1.456098e+00 2.330662e+02
-2.435695e+00 -5.499714e-01 4.895111e+00 8.207230e+00 3.682894e+03
3.556280e-01 -1.472471e+00 2.902223e+00 1.001125e+00 5.750214e-01
-2.263726e+00 -9.053068e-01 5.007040e+00 8.228364e+00 3.693694e+03
3.193515e-01 7.440324e-02 3.074541e+00 1.000424e+00 2.165290e-01
-5.906041e-01 1.528284e+00 5.458425e+00 1.287325e+00 1.468232e+02
-1.346774e+00 -7.903013e-01 4.919184e+00 8.154646e+00 3.656024e+03
-1.815941e+00 2.150435e-01 4.923818e+00 8.228942e+00 3.693990e+03
-6.621931e-01 -7.285458e-01 5.442583e+00 1.462229e+00 2.361991e+02
-1.167531e-01 2.027399e+00 5.148526e+00 1.341012e+00 1.742573e+02
-2.745580e+00 -5.466387e-01 4.628061e+00 8.185307e+00 3.671692e+03
-4.228099e-01 1.088354e+00 5.740148e+00 1.407026e+00 2.079903e+02
6.434320e-01 7.176364e-01 4.888080e+00 1.422374e+00 2.158329e+02
-1.820037e+00 7.975889e-01 4.531791e+00 1.598499e+00 3.058331e+02
-2.409938e+00 -2.866004e-01 4.960575e+00 8.219518e+00 3.689173e+03
-1.536127e+00 -1.083778e+00 4.815677e+00 1.280169e+00 1.431666e+02
-1.735557e+00 -7.577154e-01 5.028814e+00 8.242597e+00 3.700967e+03
-5.209761e-01 5.682943e-01 3.563289e+00 1.432386e+00 2.209495e+02
1.937879e+00 4.467961e-01 5.083779e+00 1.440650e+00 2.251720e+02
1.120660e+00 -1.672993e+00 4.505084e+00 1.391131e+00 1.998678e+02
-2.344981e+00 -5.271465e-01 5.068081e+00 8.114959e+00 3.635744e+03
5.448321e-01 -1.025607e+00 6.529904e+00 1.437668e+00 2.236481e+02
1.098298e+00 1.126720e+00 4.737903e+00 1.359209e+00 1.835557e+02
1.646826e-01 8.939777e-01 5.602854e+00 1.425645e+00 2.175047e+02
1.437070e+00 -7.427314e-01 5.378018e+00 1.322039e+00 1.645618e+02
7.396477e-01 9.951735e-01 5.801989e+00 1.333210e+00 1.702703e+02
-9.153135e-01 -1.957071e+00 4.189385e+00 1.495008e+00 2.529491e+02
1.075354e+00 3.387732e-01 1.257905e+00 1.000498e+00 2.542291e-01
-5.834625e-01 5.095834e-01 4.743531e+00 1.423839e+00 2.165817e+02
-1.168188e+00 -5.071643e-01 4.620507e+00 1.367602e+00 1.878444e+02
1.669588e+00 4.951436e-01 4.768803e+00 1.388985e+00 1.987713e+02
6.620385e-01 4.613378e-01 5.142591e+00 1.001675e+00 8.560939e-01
-3.348411e-01 -7.890142e-01 3.732776e+00 1.447619e+00 2.287334e+02
-1.090106e+00 -1.169489e+00 5.141105e+00 8.228794e+00 3.693913e+03
1.427072e+00 2.727422e-01 5.110368e+00 1.352609e+00 1.801834e+02
-1.780761e-01 -1.551224e+00 4.484207e+00 1.402278e+00 2.055639e+02
-1.599207e+00 7.551659e-01 4.685019e+00 1.312386e+00 1.596293e+02
9.605398e-01 -9.513558e-01 3.997490e+00 1.361503e+00 1.847280e+02
-1.370278e+00 -6.424946e-01 4.933954e+00 8.212635e+00 3.685656e+03
-1.154327e+00 8.168092e-01 5.377659e+00 1.319410e+00 1.632186e+02
1.123880e+00 4.480961e-01 1.202282e+00 1.000392e+00 2.004920e-01
-1.286629e+00 6.556947e-02 4.654652e+00 1.369409e+00 1.887681e+02
1.302254e+00 1.001751e+00 5.740863e+00 1.430641e+00 2.200575e+02
-1.702595e+00 -7.927811e-01 5.295367e+00 8.215955e+00 3.687353e+03
-1.386704e+00 -3.829753e-01 4.937743e+00 1.355889e+00 1.818593e+02
-1.522681e+00 -1.007918e-01 5.116396e+00 1.098434e+00 5.029978e+01
-6.365627e-01 1.393781e+00 4.552466e+00 1.387182e+00 1.978499e+02
2.826905e-01 2.719078e-01 5.252015e+00 1.003585e+00 1.831806e+00
7.481919e-01 -2.228270e+00 4.501318e+00 1.405819e+00 2.073733e+02
-8.292260e-02 1.011281e-01 5.115379e+00 1.000379e+00 1.934397e-01
-1.260721e+00 1.045830e+00 5.547040e+00 1.359909e+00 1.839133e+02
-4.619166e-01 1.663991e+00 3.366864e+00 1.254726e+00 1.301648e+02
-1.681352e+00 1.923742e-01 5.073959e+00 8.257581e+00 3.708624e+03
-8.022285e-01 -1.666330e+00 5.407856e+00 1.014720e+00 7.521843e+00
-1.019937e+00 -3.758228e-01 5.154952e+00 8.140285e+00 3.648686e+03
1.314983e+00 -9.697350e-01 5.817623e+00 1.414059e+00 2.115839e+02
8.220223e-01 1.501246e-01 6.376043e+00 1.578792e+00 2.957629e+02
-2.445497e-02 -2.259110e-01 5.886603e+00 1.005175e+00 2.644627e+00
7.621268e-01 1.515574e+00 4.045691e+00 1.000902e+00 4.607088e-01
-1.863154e+00 5.372600e-01 5.832515e+00 1.497145e+00 2.540409e+02
5.505973e-01 -1.929728e-01 3.871616e+00 1.000091e+00 4.625809e-02
-2.767171e+00 -7.979632e-02 5.160485e+00 8.257212e+00 3.708436e+03
2.067161e+00 1.218657e+00 4.998830e+00 1.714184e+00 3.649479e+02
-4.324226e+00 -8.088509e-01 5.033328e+00 7.715083e+00 3.431407e+03
-1.384750e+00 -1.123227e+00 4.221603e+00 1.323380e+00 1.652474e+02
-1.416511e+00 1.756600e-01 5.122183e+00 8.169635e+00 3.663684e+03
-4.756366e-01 1.776874e+00 5.009731e+00 7.668553e+00 3.407631e+03
-1.361925e+00 1.590881e+00 4.365353e+00 1.335445e+00 1.714125e+02
1.335686e+00 -3.618775e-01 6.154300e+00 1.429351e+00 2.193982e+02
-1.441341e+00 2.021502e-01 7.634744e+00 1.510949e+00 2.610951e+02
-4.378748e+00 -6.202586e-02 4.983633e+00 7.691970e+00 3.419596e+03
-1.497062e-01 1.887570e+00 4.387079e+00 1.324058e+00 1.655936e+02
-1.770770e+00 -8.189179e-01 3.888494e+00 1.301260e+00 1.539440e+02
-5.849819e-01 1.030525e+00 7.194427e+00 1.530803e+00 2.712403e+02
-9.751104e-01 2.015273e+00 5.432131e+00 1.621589e+00 3.176318e+02
-7.639441e-01 -9.360148e-01 5.070014e+00 8.163644e+00 3.660622e+03
-1.312552e+00 7.797600e-01 5.909744e+00 1.004749e+00 2.426924e+00
8.727931e-01 1.062458e+00 5.029531e+00 1.414414e+00 2.117654e+02
-6.857080e-01 -7.817250e-01 4.832825e+00 1.379818e+00 1.940871e+02
-2.022982e+00 -1.385150e+00 5.127867e+00 8.174654e+00 3.666248e+03
-9.404265e-02 1.277878e+00 3.371113e+00 1.002270e+00 1.159734e+00
6.549951e-02 -2.152628e+00 5.426011e+00 1.287683e+00 1.470058e+02
4.929758e-01 -7.873671e-01 4.601738e+00 1.418760e+00 2.139866e+02
2.606744e-01 3.943922e-01 4.753563e+00 1.001743e+00 8.904252e-01
1.525649e+00 -4.032018e-01 5.598228e+00 1.413195e+00 2.111428e+02
-1.976504e-01 -1.154035e+00 4.277983e+00 1.001270e+00 6.489113e-01
-1.125562e+00 5.130874e-01 5.442426e+00 1.496486e+00 2.537043e+02
-1.005857e+00 6.718774e-01 4.553127e+00 1.433233e+00 2.213821e+02
-8.771129e-01 8.528182e-02 3.605137e+00 1.566751e+00 2.896096e+02
-1.021048e+00 8.896991e-01 4.655571e+00 1.519404e+00 2.654156e+02
1.895432e-01 -8.421336e-01 4.762327e+00 1.491541e+00 2.511773e+02
-1.976921e+00 4.864761e-01 5.266370e+00 1.335575e+00 1.714787e+02
-1.024793e+00 -8.958846e-01 5.165272e+00 1.374666e+00 1.914544e+02
1.133877e+00 8.431121e-01 4.564146e+00 1.355894e+00 1.818620e+02
-1.201708e+00 -1.859849e-01 5.059025e+00 8.246690e+00 3.703059e+03
7.863809e-01 1.183015e+00 4.087371e+00 1.317971e+00 1.624831e+02
-2.220340e+00 -1.034229e-01 4.663627e+00 1.362059e+00 1.850120e+02
-1.523742e+00 7.709001e-01 4.836957e+00 8.247125e+00 3.703281e+03
-4.554311e-02 -1.278780e+00 5.041531e+00 1.387146e+00 1.978315e+02
1.269228e+00 -9.541011e-01 5.607668e+00 1.386221e+00 1.973592e+02
1.131316e+00 -1.472268e-01 4.933599e+00 1.378081e+00 1.931993e+02
-1.199263e+00 1.206597e+00 5.815998e+00 1.357427e+00 1.826451e+02
-1.210044e+00 9.172313e-01 5.951361e+00 1.313539e+00 1.602182e+02
-1.442283e+00 2.860759e-01 5.542821e+00 1.388160e+00 1.983499e+02
5.980643e-01 -7.003454e-01 3.681352e+00 1.428168e+00 2.187938e+02
1.185283e+00 -6.828469e-01 4.904682e+00 1.301305e+00 1.539668e+02
-1.307321e+00 -1.529133e+00 4.979889e+00 1.364137e+00 1.860740e+02
-2.312041e+00 -3.124317e+00 4.993306e+00 7.673793e+00 3.410308e+03
-5.572243e-01 8.939066e-01 5.431697e+00 1.448612e+00 2.292405e+02
-2.877630e-01 -8.134706e-01 3.157830e+00 1.580184e+00 2.964740e+02
5.554266e-01 -1.817434e+00 5.702384e+00 1.419174e+00 2.141978e+02
-1.377591e+00 5.630155e-01 4.781714e+00 1.333259e+00 1.702951e+02
1.688465e+00 -3.533392e-01 3.282040e+00 1.413559e+00 2.113286e+02
-2.310461e+00 -5.320579e-01 5.185577e+00 8.256092e+00 3.707863e+03
-2.332202e-01 -1.337339e+00 4.456854e+00 1.421728e+00 2.155029e+02
-1.075919e+00 -8.388447e-01 4.757547e+00 1.390551e+00 1.995716e+02
-1.693714e+00 -7.792445e-01 4.831570e+00 1.341875e+00 1.746980e+02
-2.243939e+00 -4.621834e-01 5.138082e+00 8.227110e+00 3.693053e+03
8.657967e-01 4.811110e-01 5.833992e+00 1.383995e+00 1.962216e+02
1.422276e+00 1.508216e+00 5.329503e+00 1.406540e+00 2.077420e+02
-2.056524e+00 7.692392e-02 4.258724e+00 1.369305e+00 1.887151e+02
-9.288150e-01 2.659732e-01 4.837735e+00 1.438995e+00 2.243267e+02
-1.292199e+00 -4.486212e-01 4.438816e+00 1.410381e+00 2.097045e+02
-8.297733e-01 -1.529594e+00 5.087536e+00 1.324909e+00 1.660284e+02
1.098925e+00 -6.472837e-01 4.777608e+00 1.440900e+00 2.253001e+02
-1.461126e+00 -3.997174e-02 5.113703e+00 8.218630e+00 3.688720e+03
8.523138e-01 -9.566934e-01 4.361691e+00 1.350400e+00 1.790542e+02
3.985712e-01 1.572360e+00 6.024177e+00 1.433842e+00 2.216933e+02
7.589664e-01 -1.566642e+00 5.281696e+00 1.006252e+00 3.194577e+00
1.396858e+00 -3.207420e-01 5.604229e+00 1.408325e+00 2.086538e+02
2.381292e-01 1.102604e+00 4.708204e+00 1.385796e+00 1.971419e+02
2.006084e+00 3.703859e-01 4.566228e+00 1.383840e+00 1.961422e+02
-1.366136e+00 -5.235002e-01 6.401861e+00 1.437656e+00 2.236423e+02
4.544198e-01 -1.595701e+00 5.051063e+00 7.694111e+00 3.420691e+03
-1.837361e+00 9.781079e-01 4.678541e+00 8.197864e+00 3.678108e+03
-2.125947e+00 -8.050958e-01 4.938783e+00 8.196851e+00 3.677591e+03
1.540974e+00 3.409019e-01 5.185487e+00 1.369804e+00 1.889701e+02
-6.996809e-01 1.552070e+00 5.587876e+00 1.309493e+00 1.581511e+02
-3.569879e-01 -1.228202e+00 4.645509e+00 1.298272e+00 1.524170e+02
1.914139e+00 -6.205309e-01 5.064720e+00 1.309717e+00 1.582652e+02
8.370073e-01 1.435088e+00 4.272923e+00 1.342842e+00 1.751924e+02
2.347835e-01 -1.849756e+00 5.982232e+00 1.407500e+00 2.082326e+02
1.977321e+00 8.607543e-01 5.625159e+00 1.215492e+00 1.101166e+02
1.084265e+00 -4.963336e-01 4.895204e+00 1.331979e+00 1.696414e+02
-1.681761e-02 1.113073e+00 4.852351e+00 1.405116e+00 2.070143e+02
-1.430402e+00 4.667595e-01 4.713513e+00 1.393112e+00 2.008803e+02
-1.673016e+00 3.111920e-01 4.199873e+00 1.408365e+00 2.086745e+02
9.240307e-01 1.594598e+00 4.004783e+00 1.368427e+00 1.882664e+02
-1.342632e+00 -4.803845e-01 3.901294e+00 1.334886e+00 1.711269e+02
-2.176682e+00 3.534182e-01 5.428633e+00 1.364436e+00 1.862270e+02
7.546827e-01 4.591150e-01 4.433835e+00 1.456644e+00 2.333452e+02
8.569180e-02 3.253951e-01 3.639717e+00 1.000529e+00 2.700999e-01
-1.730385e-01 1.051564e+00 6.064459e+00 1.508982e+00 2.600899e+02
-1.751603e+00 -4.281144e-01 5.064592e+00 8.271906e+00 3.715944e+03
8.118162e-01 1.527710e+00 4.985051e+00 1.001641e+00 8.385775e-01
-5.165642e-01 -9.369860e-01 4.600954e+00 1.016958e+00 8.665556e+00
-1.728614e+00 -1.205915e+00 5.184680e+00 8.246501e+00 3.702962e+03
-1.697601e+00 -2.572396e-01 4.536656e+00 1.328171e+00 1.676955e+02
-2.432833e+00 -1.432530e+00 5.167342e+00 8.152456e+00 3.654905e+03
-1.252613e-01 1.089406e+00 3.962599e+00 1.432904e+00 2.212139e+02
1.395634e+00 -8.953599e-01 3.530275e+00 1.005815e+00 2.971521e+00
-1.230727e+00 1.717606e+00 3.907172e+00 1.385103e+00 1.967876e+02
8.841413e-01 -9.318230e-01 6.420208e+00 1.417667e+00 2.134276e+02
6.214502e-01 8.377814e-01 4.184945e+00 1.530631e+00 2.711525e+02
4.519232e-01 -1.460719e+00 7.364462e+00 1.428238e+00 2.188295e+02
8.907753e-02 3.931499e-02 5.680091e+00 1.000942e+00 4.816015e-01
-2.541419e+00 -8.605321e-01 4.995707e+00 8.172386e+00 3.665089e+03
8.690662e-01 -1.388220e+00 4.672201e+00 1.360468e+00 1.841990e+02
9.850026e-01 -2.203642e-01 5.386209e+00 1.411726e+00 2.103922e+02
9.910850e-01 -9.373392e-01 5.127309e+00 1.397934e+00 2.033444e+02
2.025619e-01 -2.224160e-01 6.551265e+00 1.003261e+00 1.666235e+00
4.284502e-01 2.266205e-01 8.015824e+00 1.000102e+00 5.194157e-02
-1.627886e+00 -1.052929e+00 5.559813e+00 1.345712e+00 1.766589e+02
1.990416e+00 1.212866e-01 4.624080e+00 1.320567e+00 1.638099e+02
-2.081733e+00 -7.569504e-01 4.687245e+00 8.209005e+00 3.683802e+03
-1.562568e+00 5.465119e-01 4.286173e+00 1.403368e+00 2.061210e+02
-1.445623e+00 -2.741944e-01 4.934445e+00 8.232961e+00 3.696043e+03
3.067148e-02 -1.483278e+00 4.130259e+00 1.006169e+00 3.152232e+00
1.834957e+00 -1.562419e-01 5.010555e+00 1.319108e+00 1.630644e+02
1.325344e+00 1.476128e+00 4.351236e+00 1.379346e+00 1.938457e+02
-1.280016e+00 1.788794e-01 4.594609e+00 1.403848e+00 2.063663e+02
-5.239559e-01 1.443417e+00 6.332270e+00 1.397245e+00 2.029922e+02
-9.727981e-01 1.544578e+00 4.041176e+00 1.554614e+00 2.834077e+02
-1.472191e+00 -1.395618e+00 5.455533e+00 1.352531e+00 1.801436e+02
-3.390138e-01 -1.190061e-01 5.041652e+00 1.004946e+00 2.527214e+00
-1.474179e+00 -4.283978e-01 4.549571e+00 1.364511e+00 1.862652e+02
9.352710e-01 1.127376e+00 4.147383e+00 1.000788e+00 4.029158e-01
-1.496140e+00 -1.264344e-01 5.246612e+00 1.400931e+00 2.048759e+02
2.564573e-01 1.535673e+00 5.070435e+00 1.342788e+00 1.751648e+02
-8.995836e-01 -7.410058e-01 3.172715e+00 1.497855e+00 2.544037e+02
-2.689639e-01 -8.993441e-01 7.696138e+00 1.519366e+00 2.653963e+02
1.958341e-02 1.025076e+00 4.149779e+00 1.438970e+00 2.243138e+02
-1.801041e+00 7.551535e-01 5.045540e+00 8.189082e+00 3.673621e+03
-2.057251e+00 5.264993e-01 4.630900e+00 1.301310e+00 1.539695e+02
-5.943919e-01 -8.090919e-01 5.143088e+00 1.431111e+00 2.202978e+02
3.065202e-01 -1.532920e+00 5.236814e+00 1.306657e+00 1.567018e+02
-1.397601e+00 1.576304e+00 4.140405e+00 1.381481e+00 1.949368e+02
1.091449e+00 7.115923e-01 5.519684e+00 1.279832e+00 1.429940e+02
-2.863056e-01 -1.227479e+00 6.568366e+00 1.429423e+00 2.194354e+02
-1.782326e+00 -6.410517e-01 4.144819e+00 1.342162e+00 1.748448e+02
5.224383e-01 1.252938e+00 4.664317e+00 1.343390e+00 1.754725e+02
-7.595590e-01 -2.836451e+00 5.015238e+00 7.715396e+00 3.431567e+03
-1.897975e+00 -6.073903e-01 5.172864e+00 1.319384e+00 1.632054e+02
8.295914e-01 -1.667854e+00 5.519313e+00 1.322085e+00 1.645856e+02
9.487883e-01 -6.838783e-01 2.491879e+00 1.515931e+00 2.636408e+02
-1.399836e+00 -1.719375e+00 5.186439e+00 8.171403e+00 3.664587e+03
1.821749e+00 -1.385087e-01 5.737029e+00 1.361725e+00 1.848416e+02
-2.233319e-01 1.057231e+00 6.295779e+00 1.440899e+00 2.252992e+02
-7.920698e-01 -1.521744e+00 4.113204e+00 1.378867e+00 1.936008e+02
-1.896780e+00 -6.116294e-01 5.083305e+00 8.213055e+00 3.685871e+03
1.426450e-02 7.920038e-01 5.751223e+00 1.447336e+00 2.285888e+02
-4.916143e-01 1.294509e+00 5.676870e+00 1.383017e+00 1.957218e+02
-4.115818e-01 1.642152e+00 5.155659e+00 1.376243e+00 1.922601e+02
-2.594728e+00 -4.204223e-01 4.987864e+00 8.205035e+00 3.681773e+03
1.842364e+00 -6.095702e-01 4.740764e+00 1.377508e+00 1.929064e+02
-1.277380e+00 -5.547416e-01 5.173319e+00 1.343305e+00 1.754288e+02
1.297832e-01 1.544753e+00 4.073521e+00 1.380865e+00 1.946221e+02
6.310671e-01 2.009658e+00 5.508592e+00 1.356382e+00 1.821111e+02
-2.625713e+00 -1.394603e-01 5.140839e+00 8.220450e+00 3.689650e+03
-4.469805e-01 -2.287687e+00 5.113152e+00 1.327592e+00 1.673998e+02
-2.016072e+00 -1.418094e+00 5.111086e+00 8.206377e+00 3.682459e+03
-9.374186e-01 -1.677341e+00 4.425955e+00 1.388204e+00 1.983725e+02
-8.123803e-01 -9.189111e-01 5.309938e+00 8.220289e+00 3.689568e+03
9.243715e-01 1.144516e+00 4.379179e+00 1.329203e+00 1.682229e+02
-1.152852e+00 -1.792664e+00 5.011370e+00 8.195319e+00 3.676808e+03
-8.774365e-01 -1.462467e+00 4.334010e+00 1.330649e+00 1.689616e+02
-1.186894e+00 2.938901e-01 3.762432e+00 1.437328e+00 2.234744e+02
1.650735e+00 -7.339002e-01 4.620261e+00 1.292504e+00 1.494695e+02
-9.658995e-01 -9.604392e-01 4.938607e+00 1.411377e+00 2.102139e+02
-1.835402e+00 -2.324618e-01 4.933812e+00 8.241347e+00 3.700329e+03
1.440467e+00 1.017258e+00 5.352562e+00 1.303850e+00 1.552674e+02
1.197872e+00 -7.986932e-01 5.320996e+00 1.405972e+00 2.074515e+02
9.641773e-01 1.977796e-01 4.165361e+00 1.396486e+00 2.026045e+02
-8.223266e-01 -1.011453e+00 5.765846e+00 1.001161e+00 5.931958e-01
9.790157e-02 -2.334914e-01 7.120201e+00 1.000204e+00 1.042263e-01
5.528634e-01 -6.074819e-02 5.977960e+00 1.001786e+00 9.125789e-01
7.443374e-02 4.582924e-01 4.410753e+00 1.000214e+00 1.092686e-01
-2.092223e+00 1.687117e-01 5.033898e+00 8.237439e+00 3.698331e+03
-6.788592e-01 -5.719209e-01 5.479423e+00 1.479570e+00 2.450605e+02
7.615377e-01 4.433864e-02 5.934451e+00 1.599984e+00 3.065917e+02
1.395697e+00 -1.243595e+00 6.163662e+00 1.379930e+00 1.941445e+02
5.400267e-02 -1.301048e+00 3.715446e+00 1.471175e+00 2.407704e+02
2.170475e-01 4.987964e-01 4.977765e+00 1.000604e+00 3.085940e-01
5.051192e-01 1.829410e-01 4.966449e+00 1.000751e+00 3.838615e-01
-3.304657e-01 5.358463e-01 5.580825e+00 1.001479e+00 7.556362e-01
1.938371e-01 -4.622377e-02 5.254169e+00 1.026219e+00 1.339811e+01
-1.754045e+00 1.563335e-03 5.180981e+00 8.243044e+00 3.701196e+03
1.068444e+00 8.073265e-01 5.267391e+00 1.388781e+00 1.986672e+02
-8.974099e-01 -1.547609e+00 5.290536e+00 1.345692e+00 1.766486e+02
-3.813819e-01 1.848532e+00 6.321551e+00 1.007677e+00 3.923155e+00
-1.241439e+00 -1.649036e+00 4.938519e+00 1.280451e+00 1.433107e+02
-3.258375e-01 1.050321e-01 5.459862e+00 1.000305e+00 1.558745e-01
-1.243622e+00 1.772750e-01 4.057153e+00 1.499341e+00 2.551633e+02
-2.130903e-01 -1.745640e-01 3.445637e+00 1.000110e+00 5.642838e-02
-2.609293e-01 -8.143283e-01 4.224786e+00 1.427066e+00 2.182306e+02
-2.571699e+00 -3.118554e+00 4.894909e+00 7.664418e+00 3.405518e+03
-1.551249e+00 -1.494930e+00 4.737125e+00 1.316816e+00 1.618931e+02
-1.773111e+00 -1.313487e+00 4.819913e+00 8.225270e+00 3.692113e+03
-1.778055e+00 -6.469058e-01 4.880568e+00 8.214082e+00 3.686396e+03
-2.432198e+00 -5.229230e-02 5.133018e+00 8.244450e+00 3.701914e+03
4.422108e-01 6.798622e-01 5.885722e+00 1.002097e+00 1.071403e+00
-7.816925e-01 1.281847e+00 5.577959e+00 1.365595e+00 1.868192e+02
1.059381e+00 -1.040919e+00 4.861612e+00 1.377901e+00 1.931076e+02
2.057425e+00 7.722571e-01 5.429607e+00 1.353621e+00 1.807003e+02
-2.467312e+00 -7.832086e-02 4.906655e+00 8.229943e+00 3.694501e+03
-4.331787e+00 -1.112705e+00 4.966434e+00 7.687093e+00 3.417105e+03
9.789915e-01 6.188270e-01 5.381525e+00 1.416509e+00 2.128360e+02
-1.612714e+00 1.536742e-01 4.136182e+00 1.002927e+00 1.495705e+00
2.067559e+00 4.219413e-02 5.175525e+00 1.387412e+00 1.979678e+02
-1.697916e+00 -1.916580e-02 2.381163e+00 1.004272e+00 2.183145e+00
1.490640e+00 1.233628e-02 4.584728e+00 1.425569e+00 2.174656e+02
-1.333808e+00 -5.860458e-01 7.367433e+00 1.001609e+00 8.223083e-01
7.034012e-01 -2.123380e+00 5.580679e+00 1.528388e+00 2.700062e+02
-3.523363e-01 -1.428601e+00 6.651264e+00 1.474966e+00 2.427076e+02
9.405264e-01 -1.550812e+00 5.166670e+00 1.329056e+00 1.681474e+02
-2.012148e+00 1.243866e-01 4.921078e+00 8.238483e+00 3.698865e+03
-1.558190e+00 1.282040e+00 4.805983e+00 1.451357e+00 2.306433e+02
8.739524e-01 7.509486e-01 6.153215e+00 1.001053e+00 5.381188e-01
-1.983083e+00 2.963474e-01 4.527958e+00 1.385232e+00 1.968537e+02
-1.042981e+00 -9.871449e-01 5.149225e+00 8.196865e+00 3.677598e+03
-1.053155e-01 1.242477e+00 6.971285e+00 1.427006e+00 2.181998e+02
-5.134512e-01 1.429379e-01 5.343562e+00 1.001001e+00 5.114271e-01
1.391684e+00 -3.432238e-01 4.834237e+00 1.478162e+00 2.443409e+02
-2.287366e-01 8.112984e-01 1.529397e+00 1.504248e+00 2.576708e+02
1.190697e-01 1.581982e+00 3.358776e+00 1.453274e+00 2.316230e+02
-1.813758e-01 3.654760e-01 4.391509e+00 1.000680e+00 3.476742e-01
1.320637e+00 4.954193e-01 5.182814e+00 1.325419e+00 1.662889e+02
-6.605698e-01 7.440527e-01 6.249071e+00 1.005255e+00 2.685068e+00
-1.629551e+00 -3.894331e-01 4.893641e+00 8.246896e+00 3.703164e+03
9.715224e-01 1.371858e+00 5.283592e+00 1.613194e+00 3.133423e+02
9.962936e-01 -3.155775e-01 4.561545e+00 1.420057e+00 2.146493e+02
-2.106434e+00 -1.536183e+00 4.770007e+00 8.209976e+00 3.684298e+03
1.247559e+00 -1.177529e+00 4.292123e+00 1.333729e+00 1.705354e+02
-2.404711e+00 -1.136540e+00 5.057992e+00 8.197451e+00 3.677898e+03
-8.464528e-01 -4.114448e-01 4.209654e+00 1.384469e+00 1.964639e+02
-2.289859e-01 -1.225200e+00 4.253585e+00 1.516693e+00 2.640301e+02
2.165413e-01 2.935583e-01 3.729841e+00 1.001286e+00 6.570272e-01
-1.174524e+00 -5.755109e-01 6.299649e+00 1.442184e+00 2.259560e+02
2.254443e-01 1.249043e+00 5.140194e+00 1.379014e+00 1.936759e+02
-1.113435e+00 6.610444e-01 6.829547e+00 1.441694e+00 2.257055e+02
8.106108e-01 -7.741324e-01 6.071276e+00 1.486261e+00 2.484796e+02
1.256305e+00 -1.745515e+00 4.442235e+00 1.378911e+00 1.936236e+02
-1.324877e+00 -6.888777e-02 5.943783e+00 1.578844e+00 2.957892e+02
1.697650e+00 5.228783e-01 5.355473e+00 1.624367e+00 3.190517e+02
1.077992e+00 -5.022356e-01 2.444452e+00 1.452117e+00 2.310317e+02
1.334489e+00 -8.069501e-01 5.181811e+00 1.377733e+00 1.930215e+02
-2.328770e+00 -1.169293e+00 4.992518e+00 8.201426e+00 3.679929e+03
-4.630519e-01 5.719860e-01 5.939593e+00 1.451664e+00 2.308001e+02
-9.649184e-01 1.460488e+00 5.541911e+00 1.360392e+00 1.841604e+02
