6.335537e-01 1.232802e+00 4.818057e+00 1.346845e+00 1.772380e+02
-1.320629e+00 1.282666e+00 4.641640e+00 1.295266e+00 1.508810e+02
1.319698e+00 4.678697e-01 5.264389e+00 1.398356e+00 2.035599e+02
-1.287186e+00 1.383657e+00 5.785262e+00 1.461395e+00 2.357730e+02
-2.430029e-01 2.304711e+00 4.933388e+00 4.077740e+00 1.572725e+03
1.384627e+00 -3.992503e-01 5.206710e+00 1.340883e+00 1.741910e+02
8.300463e-01 7.907192e-01 5.205154e+00 4.454282e+00 1.765138e+03
-6.609844e-01 1.914292e+00 5.632477e+00 1.258856e+00 1.322753e+02
5.287003e-01 -1.144603e+00 6.435470e+00 1.526565e+00 2.690748e+02
-5.136272e-01 -5.405098e-01 4.354907e+00 1.001394e+00 7.124215e-01
8.781594e-01 -9.308127e-01 4.916094e+00 1.310936e+00 1.588883e+02
1.342932e+00 -6.423345e-01 4.647448e+00 1.340193e+00 1.738384e+02
7.100980e-01 3.760230e-01 4.387595e+00 1.442490e+00 2.261122e+02
1.335328e+00 7.118212e-01 4.813215e+00 4.484741e+00 1.780703e+03
8.121066e-01 1.537618e+00 6.533806e+00 1.395554e+00 2.021283e+02
1.849439e+00 -5.281738e-01 5.054643e+00 4.497545e+00 1.787246e+03
-1.014796e+00 8.863538e-01 8.040209e+00 1.113572e+00 5.803526e+01
2.181167e+00 8.073499e-01 4.500010e+00 4.514412e+00 1.795864e+03
-9.101845e-01 1.207908e+00 6.010412e+00 1.528936e+00 2.702865e+02
2.438511e+00 1.939620e-02 5.085075e+00 4.458285e+00 1.767183e+03
5.322913e-01 -1.691642e+00 4.631817e+00 1.413126e+00 2.111072e+02
3.507091e-01 -1.915652e+00 5.784780e+00 1.323229e+00 1.651703e+02
-6.592808e-01 -2.246851e-01 4.978207e+00 4.084450e+00 1.576154e+03
1.045792e+00 4.892187e-01 5.103425e+00 4.449106e+00 1.762493e+03
8.916050e-01 -1.949725e+00 5.038618e+00 4.083011e+00 1.575419e+03
1.226380e+00 7.674421e-01 5.852376e+00 1.459153e+00 2.346273e+02
1.214948e+00 3.603138e-01 4.676519e+00 1.550483e+00 2.812966e+02
1.629333e+00 6.332117e-01 4.360646e+00 1.369990e+00 1.890648e+02
-1.651840e+00 -3.146827e-01 6.315404e+00 1.468414e+00 2.393595e+02
1.659000e-01 -1.165179e+00 4.735690e+00 1.365691e+00 1.868682e+02
8.821984e-01 -1.283439e+00 4.358117e+00 1.007433e+00 3.798409e+00
2.321246e+00 -4.730878e-01 5.039735e+00 1.586950e+00 2.999312e+02
1.747781e+00 3.059159e-01 4.846672e+00 4.478775e+00 1.777654e+03
1.283461e+00 2.691904e-01 6.048247e+00 1.514777e+00 2.630511e+02
1.890957e-02 -3.586780e-01 2.791461e+00 1.000059e+00 3.029187e-02
7.227094e-01 -4.820450e-01 5.788422e+00 1.388753e+00 1.986529e+02
-1.016850e+00 -1.140550e+00 5.047497e+00 1.323944e+00 1.655351e+02
-1.102032e+00 -1.977030e+00 4.739911e+00 1.360129e+00 1.840261e+02
2.661736e-02 -1.326517e+00 7.462645e+00 1.667209e+00 3.409439e+02
1.435606e+00 -4.314264e-01 4.433617e+00 1.296935e+00 1.517340e+02
2.213386e+00 9.261281e-01 4.894830e+00 4.479857e+00 1.778207e+03
5.510743e-01 -1.027996e+00 6.248358e+00 1.531042e+00 2.713624e+02
-6.709429e-01 -3.952528e-01 5.169142e+00 1.394805e+00 2.017454e+02
-1.430383e+00 -5.646613e-01 6.062650e+00 1.410923e+00 2.099815e+02
1.245356e+00 1.838934e+00 5.471032e+00 4.469521e+00 1.772925e+03
1.549106e-01 -2.429202e-01 4.045815e+00 1.005203e+00 2.658523e+00
-1.831073e-01 8.061190e-01 3.525860e+00 1.552000e+00 2.820720e+02
-1.410940e+00 -1.552137e-01 4.848761e+00 1.685036e+00 3.500534e+02
-9.924308e-03 1.082375e-01 5.198885e+00 1.000342e+00 1.745719e-01
1.652081e+00 -4.135702e-01 4.758212e+00 1.359174e+00 1.835380e+02
-1.406625e-01 -2.478608e+00 5.351599e+00 1.480458e+00 2.455138e+02
1.515570e+00 1.133206e-01 5.622757e+00 1.005297e+00 2.706895e+00
6.017750e-01 -6.799806e-01 5.495586e+00 1.431894e+00 2.206979e+02
7.873259e-01 1.508775e+00 5.286596e+00 1.449281e+00 2.295828e+02
4.401971e+00 3.658028e-01 5.050994e+00 4.082131e+00 1.574969e+03
1.940504e-01 -1.532357e+00 5.145357e+00 4.083506e+00 1.575672e+03
8.075739e-01 -4.606455e-01 4.997052e+00 1.410528e+00 2.097796e+02
-1.189058e+00 7.723361e-01 4.769488e+00 1.539303e+00 2.755841e+02
2.446632e+00 9.034107e-01 4.826346e+00 4.446766e+00 1.761298e+03
3.216441e-01 -8.509172e-01 6.153331e+00 1.417142e+00 2.131595e+02
1.326538e-01 -1.373978e+00 4.355270e+00 1.522499e+00 2.669969e+02
1.399635e+00 3.152803e-01 4.754394e+00 1.419234e+00 2.142286e+02
-1.273829e+00 1.000884e+00 5.084090e+00 1.362383e+00 1.851778e+02
2.063074e+00 8.525473e-01 4.757337e+00 4.486073e+00 1.781383e+03
1.231954e+00 -4.911680e-01 5.023952e+00 4.477224e+00 1.776861e+03
-6.910137e-01 1.708836e-01 4.849712e+00 1.001259e+00 6.434718e-01
1.551168e-01 -1.616303e+00 5.346636e+00 1.416375e+00 2.127676e+02
-3.664901e-02 -1.897766e+00 3.765376e+00 1.406805e+00 2.078776e+02
1.925698e+00 1.747080e+00 5.183215e+00 4.460865e+00 1.768502e+03
1.657508e+00 -3.918925e-01 5.235276e+00 1.008774e+00 4.483601e+00
1.502444e+00 6.566769e-01 5.061502e+00 4.499556e+00 1.788273e+03
-1.287194e+00 -2.020913e+00 5.630147e+00 1.359414e+00 1.836607e+02
-6.933488e-01 -1.794989e-01 6.495459e+00 1.928388e+00 4.744060e+02
-1.020076e+00 -8.066799e-01 4.866547e+00 1.332600e+00 1.699588e+02
-2.130435e+00 1.319079e+00 5.429757e+00 1.418999e+00 2.141086e+02
-1.545257e+00 1.573062e-01 5.465882e+00 1.391725e+00 2.001712e+02
2.936418e+00 2.833015e+00 5.018809e+00 4.112849e+00 1.590666e+03
2.598752e+00 3.562387e-01 5.144055e+00 4.441200e+00 1.758453e+03
-5.415475e-01 -5.690638e-01 4.448830e+00 1.001284e+00 6.558939e-01
2.290157e+00 2.205323e-01 5.289639e+00 4.405583e+00 1.740253e+03
-7.182939e-01 -1.448981e+00 5.345644e+00 1.381902e+00 1.951520e+02
2.274236e+00 -2.015552e+00 5.021597e+00 4.127267e+00 1.598033e+03
2.118338e-01 -1.216092e+00 7.465621e+00 1.000955e+00 4.880787e-01
-4.575169e-01 -2.241713e+00 5.695746e+00 1.361259e+00 1.846032e+02
2.382534e+00 -5.017769e-01 5.039471e+00 4.475172e+00 1.775813e+03
2.145831e+00 1.713452e-01 5.000768e+00 4.543716e+00 1.810839e+03
6.206994e-01 1.657626e+00 4.677088e+00 4.472976e+00 1.774691e+03
-1.026907e+00 1.515534e+00 5.339711e+00 1.277201e+00 1.416497e+02
8.955231e-01 -1.681771e+00 6.267681e+00 1.397839e+00 2.032959e+02
-2.580004e-01 1.514022e+00 5.514415e+00 1.344085e+00 1.758273e+02
2.523104e+00 -4.963410e-01 4.675953e+00 4.456187e+00 1.766111e+03
1.872258e-01 2.462796e+00 5.008843e+00 4.099366e+00 1.583776e+03
1.854804e+00 3.396396e-01 5.000007e+00 4.484234e+00 1.780444e+03
1.663429e+00 -2.145678e+00 4.935470e+00 4.087354e+00 1.577638e+03
1.749111e+00 9.153825e-01 4.648867e+00 1.371824e+00 1.900021e+02
-6.995792e-01 1.191983e+00 3.643512e+00 1.410135e+00 2.095790e+02
-8.890668e-01 -1.939704e+00 5.329378e+00 1.338380e+00 1.729123e+02
-4.672442e-02 2.000174e-01 6.637911e+00 1.000023e+00 1.189862e-02
1.582303e+00 6.888112e-01 5.949593e+00 1.391217e+00 1.999119e+02
-1.246871e-01 -2.301805e+00 4.518671e+00 1.649800e+00 3.320480e+02
1.180956e+00 3.485162e-01 5.518135e+00 1.487541e+00 2.491337e+02
-1.656772e-01 -3.868058e-01 5.148744e+00 1.002597e+00 1.327018e+00
-3.611087e-01 1.647147e+00 5.181195e+00 1.386143e+00 1.973190e+02
9.794805e-02 2.618931e-01 6.328207e+00 1.002437e+00 1.245504e+00
1.472294e+00 -4.602736e-01 4.734010e+00 1.483313e+00 2.469728e+02
-1.222778e+00 1.739553e+00 5.822106e+00 1.406310e+00 2.076242e+02
6.684057e-01 1.159722e+00 6.573469e+00 1.004037e+00 2.062777e+00
1.457182e+00 -1.786678e-01 6.108884e+00 1.360469e+00 1.841996e+02
1.303479e+00 1.310521e-01 3.115051e+00 1.397700e+00 2.032249e+02
-1.759510e-01 4.591034e-02 6.723095e+00 1.002131e+00 1.088981e+00
2.318310e+00 -3.830421e-01 4.332571e+00 1.383707e+00 1.960743e+02
-2.142244e-01 -3.494025e-01 5.034684e+00 1.007395e+00 3.779084e+00
1.159534e+00 -1.268542e+00 5.530651e+00 1.386825e+00 1.976676e+02
1.471908e+00 1.929794e+00 5.146568e+00 4.431716e+00 1.753607e+03
3.514202e+00 -1.790410e+00 4.966916e+00 4.135811e+00 1.602399e+03
-3.782303e-01 -2.090318e+00 5.687050e+00 1.602810e+00 3.080361e+02
-1.585883e+00 5.203718e-01 4.640080e+00 1.329137e+00 1.681890e+02
-7.936580e-01 -4.643808e-01 4.756877e+00 1.409267e+00 2.091356e+02
-8.882713e-01 9.067026e-01 4.424111e+00 1.427485e+00 2.184448e+02
-1.179427e-01 -1.434962e+00 5.131960e+00 1.069077e+00 3.529847e+01
9.871835e-01 1.367013e+00 5.173196e+00 4.471215e+00 1.773791e+03
6.923834e-01 -1.752803e+00 5.927579e+00 1.356158e+00 1.819965e+02
2.492380e+00 -3.729313e-01 4.684105e+00 4.435646e+00 1.755615e+03
-6.396905e-01 -1.009772e-03 5.745824e+00 1.000400e+00 2.042678e-01
1.372956e+00 -2.116275e+00 4.970122e+00 4.108614e+00 1.588502e+03
1.054119e+00 -3.062309e-02 4.970684e+00 4.400206e+00 1.737505e+03
-5.231762e-01 -1.219317e+00 5.752542e+00 1.512781e+00 2.620311e+02
3.022923e-02 -9.122795e-01 4.075288e+00 1.368773e+00 1.884430e+02
-1.809427e+00 -2.868659e-01 5.698481e+00 1.333121e+00 1.702248e+02
7.795123e-01 -1.566708e+00 5.009392e+00 4.417986e+00 1.746591e+03
-1.502478e+00 7.891419e-01 4.998922e+00 1.304704e+00 1.557036e+02
-5.824541e-01 -1.232278e+00 4.505277e+00 1.403582e+00 2.062306e+02
1.577218e-01 -1.541844e+00 4.179719e+00 1.340400e+00 1.739444e+02
3.329797e-01 -8.892854e-01 4.808598e+00 1.427611e+00 2.185090e+02
-5.955627e-01 1.727497e+00 4.563434e+00 1.363526e+00 1.857615e+02
-3.090106e-01 -1.934521e+00 5.446234e+00 1.333949e+00 1.706479e+02
-9.893300e-01 -8.886028e-01 4.667106e+00 1.306487e+00 1.566147e+02
2.691507e+00 4.393693e-02 4.885610e+00 4.432681e+00 1.754100e+03
1.141877e+00 2.883389e+00 4.993485e+00 4.132962e+00 1.600943e+03
-8.840692e-01 -4.397011e-02 4.237543e+00 1.402082e+00 2.054639e+02
1.100062e+00 -6.856134e-01 5.073618e+00 4.487741e+00 1.782235e+03
-8.007605e-01 5.987050e-01 4.977397e+00 4.072469e+00 1.570031e+03
-3.015499e-01 -1.419120e+00 5.540732e+00 1.373038e+00 1.906223e+02
-1.629717e+00 -1.037780e+00 5.238258e+00 1.409011e+00 2.090046e+02
6.575973e-01 1.525320e+00 5.927318e+00 1.566942e+00 2.897075e+02
9.541301e-02 1.246913e+00 5.458550e+00 1.349355e+00 1.785206e+02
7.166903e-01 1.078902e+00 5.346756e+00 1.383171e+00 1.958006e+02
-7.276149e-01 -2.300898e-01 3.933676e+00 1.578261e+00 2.954913e+02
-1.119637e+00 -1.430018e-01 5.177964e+00 1.397469e+00 2.031067e+02
-7.452812e-01 1.534221e+00 4.571196e+00 1.358929e+00 1.834127e+02
6.829760e-01 1.575585e+00 5.474848e+00 1.342077e+00 1.748016e+02
-9.798144e-01 2.066342e+00 4.201656e+00 1.335738e+00 1.715623e+02
1.662083e-01 -7.932639e-01 3.705008e+00 1.421719e+00 2.154983e+02
1.512386e+00 -2.075746e+00 4.949291e+00 4.129100e+00 1.598970e+03
6.430246e-01 2.773495e+00 4.989455e+00 4.126980e+00 1.597887e+03
-1.619841e+00 7.652932e-01 5.521485e+00 1.424897e+00 2.171223e+02
7.794900e-01 -2.030700e+00 5.466714e+00 1.109915e+00 5.616672e+01
4.581357e-01 -1.408816e+00 5.048243e+00 1.395499e+00 2.021002e+02
1.102622e+00 -6.408887e-01 5.480977e+00 2.023611e+00 5.230653e+02
-1.820065e+00 5.631866e-01 5.596743e+00 1.322911e+00 1.650077e+02
-1.275061e-01 1.911474e+00 6.590552e+00 1.007099e+00 3.627843e+00
7.331956e-01 -8.402009e-01 5.377625e+00 1.016085e+00 8.219677e+00
-1.579434e+00 -6.206419e-01 4.402520e+00 1.413605e+00 2.113523e+02
9.402805e-01 6.538786e-01 3.889136e+00 1.001291e+00 6.595357e-01
1.380269e+00 5.505164e-01 5.110837e+00 4.480627e+00 1.778601e+03
-1.106877e-01 1.008775e+00 4.996073e+00 1.363836e+00 1.859201e+02
-6.443446e-01 9.561939e-01 5.680726e+00 1.361568e+00 1.847615e+02
3.819695e-02 -1.375378e+00 6.808288e+00 1.482469e+00 2.465415e+02
1.348798e+00 1.017827e+00 4.893477e+00 4.436046e+00 1.755819e+03
1.102275e+00 -2.351164e-01 5.336007e+00 1.410701e+00 2.098682e+02
4.026590e-01 -4.066732e-01 3.435342e+00 1.484043e+00 2.473460e+02
-8.644182e-01 3.713511e-01 3.497044e+00 1.470267e+00 2.403067e+02
1.091771e+00 -1.832957e+00 4.747291e+00 4.431491e+00 1.753492e+03
1.848171e+00 3.491552e-01 5.073289e+00 4.484414e+00 1.780536e+03
-1.509050e+00 -6.358527e-01 4.639555e+00 1.463150e+00 2.366694e+02
-1.483929e+00 -5.748575e-01 4.742181e+00 1.361102e+00 1.845229e+02
2.273369e+00 -5.106054e-01 5.037458e+00 4.465349e+00 1.770793e+03
-1.163422e+00 -1.741422e+00 5.381159e+00 1.414100e+00 2.116049e+02
-1.016923e+00 6.399947e-01 6.129757e+00 1.005796e+00 2.961610e+00
-3.689543e-01 2.184709e+00 4.864736e+00 1.152362e+00 7.785696e+01
-1.083959e+00 2.958641e-01 6.509737e+00 1.005362e+00 2.739800e+00
2.453409e-01 2.580842e-01 3.913586e+00 1.002290e+00 1.170108e+00
1.141028e+00 1.951533e-01 4.905306e+00 4.479556e+00 1.778053e+03
1.958363e+00 5.041772e-01 5.139819e+00 4.487746e+00 1.782238e+03
1.825194e+00 7.023525e-01 5.770471e+00 1.333344e+00 1.703388e+02
-1.114388e+00 -2.904292e-02 5.732806e+00 1.373986e+00 1.911069e+02
-1.821013e+00 -1.822228e+00 4.986244e+00 1.408363e+00 2.086733e+02
-1.037578e+00 2.048759e+00 4.685026e+00 1.341750e+00 1.746341e+02
-1.810766e+00 5.723814e-02 4.202626e+00 1.406855e+00 2.079028e+02
1.387742e+00 3.930658e-01 5.090352e+00 4.462441e+00 1.769307e+03
-2.968340e-01 -1.258882e+00 7.571028e+00 1.002440e+00 1.246768e+00
-6.288697e-01 -1.466610e+00 5.518022e+00 1.320587e+00 1.638200e+02
-1.345465e+00 -1.121211e+00 5.721607e+00 1.545664e+00 2.788345e+02
2.044760e+00 -9.234069e-01 4.734703e+00 1.360095e+00 1.840087e+02
1.785788e+00 -2.588588e-01 5.595511e+00 1.312890e+00 1.598867e+02
1.550688e+00 1.423756e+00 4.876174e+00 4.404579e+00 1.739740e+03
2.095582e+00 4.045212e-01 5.167771e+00 4.354546e+00 1.714173e+03
2.473622e-01 -2.080752e+00 3.785797e+00 1.434993e+00 2.222816e+02
1.412379e+00 5.550516e-01 4.837667e+00 4.507473e+00 1.792319e+03
5.756628e-01 -6.617763e-01 4.455896e+00 1.546279e+00 2.791483e+02
-3.241395e-01 5.321228e-01 5.408786e+00 1.002251e+00 1.150422e+00
-1.751195e+00 -9.216291e-02 5.432977e+00 1.422453e+00 2.158733e+02
6.860776e-01 -1.646583e+00 4.357152e+00 1.317311e+00 1.621460e+02
-1.201913e+00 9.498683e-01 4.184822e+00 1.002387e+00 1.219729e+00
3.530231e+00 2.356696e+00 4.995947e+00 4.109908e+00 1.589163e+03
1.740172e+00 8.315700e-01 5.027435e+00 4.485497e+00 1.781089e+03
5.687375e-02 -2.916252e-01 6.628178e+00 1.000165e+00 8.414185e-02
-8.286188e-01 7.799930e-01 2.993711e+00 1.000725e+00 3.707136e-01
-6.499212e-01 -1.633610e+00 5.590678e+00 1.318517e+00 1.627622e+02
-1.310691e-02 1.300168e+00 5.432426e+00 1.009030e+00 4.614545e+00
1.256840e+00 3.123375e-01 3.464224e+00 1.549838e+00 2.809672e+02
-1.000289e+00 -1.354654e+00 5.078204e+00 1.337972e+00 1.727037e+02
-9.411168e-01 -1.395637e+00 4.322746e+00 1.423187e+00 2.162487e+02
-1.230045e+00 -9.786162e-02 3.431150e+00 1.002480e+00 1.267417e+00
-1.807621e+00 -1.162628e+00 5.376005e+00 1.361825e+00 1.848927e+02
6.057195e-01 -1.675926e-01 4.636034e+00 1.463651e+00 2.369259e+02
1.537758e+00 -6.348444e-02 5.043263e+00 4.406952e+00 1.740953e+03
3.218812e+00 2.828542e+00 4.816255e+00 4.054826e+00 1.561016e+03
-8.410399e-01 1.972580e+00 5.161344e+00 1.340204e+00 1.738441e+02
1.279639e+00 -1.706719e-01 6.134252e+00 1.397734e+00 2.032419e+02
-5.002412e-02 9.606534e-01 6.159048e+00 1.477456e+00 2.439799e+02
1.487119e-01 8.384495e-02 3.688249e+00 1.001037e+00 5.299506e-01
1.194719e+00 -5.700603e-01 5.585235e+00 1.408997e+00 2.089975e+02
-1.365840e+00 3.520579e-01 5.479643e+00 1.315365e+00 1.611514e+02
2.302018e+00 -3.167121e-01 5.058344e+00 4.477352e+00 1.776927e+03
-2.472360e-01 1.819933e+00 4.992003e+00 4.137262e+00 1.603141e+03
5.011418e-01 -1.519320e+00 4.473714e+00 1.323148e+00 1.651289e+02
-1.324572e+00 1.233718e+00 5.116427e+00 1.345505e+00 1.765529e+02
1.349092e+00 -4.614522e-01 7.287135e+00 1.001354e+00 6.920901e-01
-7.980657e-01 5.459215e-01 4.972494e+00 4.073465e+00 1.570540e+03
-1.989639e+00 -1.018524e+00 5.503087e+00 1.332468e+00 1.698911e+02
-6.075095e-01 1.296966e+00 3.931571e+00 1.396992e+00 2.028628e+02
-8.853254e-01 1.130868e+00 3.754534e+00 1.369050e+00 1.885843e+02
5.493884e-01 3.757710e-01 4.762681e+00 1.558664e+00 2.854774e+02
3.005841e-01 1.628640e+00 5.401213e+00 1.336273e+00 1.718358e+02
1.897813e+00 1.605853e+00 4.597522e+00 1.485345e+00 2.480111e+02
1.104268e+00 8.078429e-01 5.149006e+00 1.370171e+00 1.891575e+02
-9.790649e-01 -1.110294e+00 6.157530e+00 1.529602e+00 2.706264e+02
1.615389e+00 -6.923906e-01 4.271851e+00 1.306750e+00 1.567491e+02
-1.839018e+00 4.426134e-01 3.794565e+00 1.496688e+00 2.538074e+02
7.620403e-02 1.092433e+00 5.898754e+00 1.425196e+00 2.172753e+02
2.643961e-01 -1.380689e+00 2.871018e+00 1.008470e+00 4.328005e+00
9.342106e-01 1.153128e+00 5.094739e+00 1.354333e+00 1.810643e+02
2.403147e-01 5.255710e-01 7.915136e+00 1.503455e+00 2.572656e+02
1.332563e+00 1.329747e-01 5.254648e+00 4.522201e+00 1.799845e+03
-1.489197e-01 -1.584161e+00 4.715999e+00 1.335412e+00 1.713955e+02
4.187516e+00 7.917605e-01 5.037953e+00 4.138974e+00 1.604016e+03
1.011481e+00 1.270909e+00 6.700247e+00 1.442017e+00 2.258709e+02
4.896370e-01 2.873179e+00 4.982871e+00 4.086099e+00 1.576996e+03
1.125205e+00 4.315855e-02 4.262635e+00 1.302222e+00 1.544355e+02
-1.392644e+00 1.061042e+00 4.537703e+00 1.328743e+00 1.679876e+02
-5.281328e-01 -1.309506e+00 4.741630e+00 1.251588e+00 1.285613e+02
6.910057e-01 1.749134e+00 4.918546e+00 1.300041e+00 1.533207e+02
8.139850e-01 -5.538035e-01 4.620321e+00 1.367303e+00 1.876917e+02
-4.986801e-02 -1.309368e+00 4.481391e+00 1.371847e+00 1.900136e+02
2.308716e+00 8.542520e-01 5.430753e+00 4.485551e+00 1.781117e+03
2.537189e+00 5.919574e-01 5.510763e+00 1.490594e+00 2.506937e+02
-8.913657e-01 -4.805089e-01 3.650690e+00 1.445067e+00 2.274290e+02
-2.957145e-01 -1.406990e+00 5.475675e+00 1.328354e+00 1.677889e+02
-7.818350e-01 1.665260e-01 5.377164e+00 1.489105e+00 2.499326e+02
9.449412e-01 2.966093e-01 4.975516e+00 1.374692e+00 1.914678e+02
2.532802e-01 -2.069915e+00 4.896020e+00 1.336967e+00 1.721903e+02
1.058461e-01 -8.827890e-01 5.026265e+00 1.383489e+00 1.959629e+02
2.089006e+00 1.144390e+00 4.914101e+00 4.484935e+00 1.780802e+03
2.014286e+00 6.690755e-01 5.263562e+00 4.446079e+00 1.760946e+03
8.935135e-01 -1.422417e+00 4.462537e+00 1.540475e+00 2.761827e+02
5.530330e-01 -1.794254e+00 4.896224e+00 4.108086e+00 1.588232e+03
-1.956366e+00 -5.134075e-01 4.292361e+00 1.347628e+00 1.776381e+02
1.849836e+00 1.457711e+00 4.809414e+00 4.476080e+00 1.776277e+03
-1.778868e+00 5.672643e-01 4.684777e+00 1.321925e+00 1.645039e+02
-9.100677e-01 -1.012552e+00 5.034326e+00 1.378241e+00 1.932811e+02
1.679768e-01 1.275534e+00 5.364537e+00 1.420232e+00 2.147387e+02
1.234729e+00 1.673813e+00 5.467405e+00 1.390927e+00 1.997638e+02
-2.049625e-01 -1.991308e+00 4.866205e+00 1.338921e+00 1.731884e+02
-7.890577e-01 2.803439e-01 2.098588e+00 1.000304e+00 1.555680e-01
-8.605355e-01 -3.985145e-01 2.413918e+00 1.000115e+00 5.866905e-02
9.801900e-01 1.698297e+00 4.306205e+00 1.453093e+00 2.315306e+02
1.770587e+00 9.467357e-01 5.213360e+00 1.374123e+00 1.911770e+02
-9.648989e-01 1.490748e+00 4.759647e+00 1.418426e+00 2.138157e+02
1.897726e-01 -1.037246e+00 6.145846e+00 1.366760e+00 1.874145e+02
1.194753e+00 1.805941e+00 4.600531e+00 1.317789e+00 1.623902e+02
-1.588037e+00 -4.139460e-01 5.046194e+00 1.405014e+00 2.069622e+02
2.075800e+00 -3.387233e-01 4.338608e+00 1.008251e+00 4.216092e+00
-1.240429e+00 -5.504336e-01 4.840953e+00 1.336141e+00 1.717679e+02
4.118982e+00 1.583555e+00 4.921474e+00 4.097602e+00 1.582875e+03
-9.748960e-01 -1.080328e+00 5.757923e+00 1.428725e+00 2.190785e+02
1.954811e+00 7.712949e-01 5.289113e+00 4.444754e+00 1.760269e+03
2.310573e+00 8.438555e-01 4.953282e+00 4.462128e+00 1.769147e+03
-7.172362e-02 1.786868e+00 5.628441e+00 1.335674e+00 1.715292e+02
-1.766621e+00 -1.162261e+00 5.257238e+00 1.382915e+00 1.956694e+02
-4.520786e-01 5.562887e-01 4.138096e+00 1.001454e+00 7.428063e-01
1.814392e+00 -3.991877e-01 4.898809e+00 4.501820e+00 1.789430e+03
-1.097108e+00 1.922622e+00 5.579262e+00 1.294380e+00 1.504283e+02
1.410144e+00 3.751933e-01 5.050389e+00 4.503862e+00 1.790473e+03
-1.478162e+00 9.004262e-02 4.758211e+00 1.367500e+00 1.877926e+02
-6.798404e-01 1.397324e+00 5.315344e+00 1.391012e+00 1.998069e+02
-9.132853e-01 3.966453e-01 5.842778e+00 1.349955e+00 1.788269e+02
2.297226e+00 5.257682e-01 4.866747e+00 4.389177e+00 1.731869e+03
-5.474093e-01 1.047776e+00 4.996346e+00 4.133962e+00 1.601455e+03
1.822657e+00 5.149817e-01 5.458988e+00 1.340036e+00 1.737585e+02
5.310966e-01 1.666887e+00 4.432110e+00 1.145886e+00 7.454772e+01
1.260411e+00 -8.025108e-02 5.214060e+00 4.414058e+00 1.744583e+03
-1.033990e+00 7.953054e-01 5.459409e+00 1.399582e+00 2.041864e+02
-2.197413e-01 -1.705601e+00 5.433815e+00 1.368322e+00 1.882124e+02
8.434864e-01 -1.667777e+00 6.219627e+00 1.003144e+00 1.606587e+00
2.169678e+00 -7.726790e-01 5.177234e+00 4.460923e+00 1.768532e+03
2.739718e+00 -4.147888e-01 4.829295e+00 4.480053e+00 1.778307e+03
1.112452e+00 -1.679136e+00 5.596230e+00 1.310114e+00 1.584680e+02
1.864853e+00 2.049041e-01 5.173517e+00 4.470722e+00 1.773539e+03
2.294996e-01 3.177558e-02 4.780520e+00 1.001468e+00 7.500622e-01
1.452785e+00 1.914525e-02 4.915550e+00 4.454844e+00 1.765425e+03
-1.259464e+00 -1.184243e-01 5.397300e+00 1.313439e+00 1.601673e+02
-4.641067e-01 -1.756287e+00 3.229952e+00 1.485749e+00 2.482175e+02
-6.463269e-02 1.780956e+00 4.515487e+00 1.383134e+00 1.957815e+02
4.267577e+00 1.292159e+00 4.994436e+00 4.107446e+00 1.587905e+03
1.863407e+00 -1.488539e+00 5.332299e+00 1.502563e+00 2.568096e+02
1.714499e+00 7.240169e-01 4.995571e+00 4.506134e+00 1.791635e+03
3.762760e-01 -1.406618e+00 5.123488e+00 1.314385e+00 1.606505e+02
2.445856e-01 4.553774e-01 3.954877e+00 1.001696e+00 8.664586e-01
-7.812154e-01 -2.884961e-01 4.473156e+00 1.495193e+00 2.530437e+02
1.478937e+00 2.348848e-01 4.966242e+00 4.471083e+00 1.773723e+03
3.210681e+00 2.640680e+00 5.074801e+00 4.114289e+00 1.591402e+03
-1.679664e+00 -4.490950e-01 5.415373e+00 1.313752e+00 1.603272e+02
1.131428e-01 1.526202e+00 5.950254e+00 1.465926e+00 2.380881e+02
1.930063e+00 8.832877e-02 5.085686e+00 1.352631e+00 1.801947e+02
-1.004125e+00 -1.604331e+00 5.780801e+00 1.389711e+00 1.991423e+02
2.757122e-01 -1.876845e+00 4.958728e+00 1.464388e+00 2.373025e+02
-2.117790e-01 6.702105e-02 5.412554e+00 1.001416e+00 7.235623e-01
1.463579e+00 4.455662e-01 4.911932e+00 4.410549e+00 1.742791e+03
1.821274e+00 1.864615e-01 5.339023e+00 1.100450e+00 5.132980e+01
1.379146e+00 4.074942e-01 4.724150e+00 1.456961e+00 2.335069e+02
-5.736695e-01 1.281484e+00 5.013930e+00 4.099418e+00 1.583803e+03
-1.677692e+00 9.591740e-01 4.801293e+00 1.378086e+00 1.932021e+02
2.097254e+00 1.135203e+00 4.611007e+00 1.347158e+00 1.773976e+02
-9.754948e-02 -1.471951e+00 6.273892e+00 1.451778e+00 2.308583e+02
-2.438665e-01 5.760182e-01 4.799909e+00 1.001360e+00 6.947886e-01
2.086844e-01 -2.112223e+00 4.675703e+00 1.352177e+00 1.799627e+02
1.011221e+00 -8.910994e-01 5.830696e+00 1.407526e+00 2.082456e+02
5.155019e-01 1.043553e+00 3.885652e+00 1.346501e+00 1.770621e+02
-5.240028e-02 7.093830e-01 3.803513e+00 1.463606e+00 2.369024e+02
3.160915e-01 1.337683e+00 4.668882e+00 1.425292e+00 2.173241e+02
2.832400e+00 2.946824e+00 5.014207e+00 4.063457e+00 1.565427e+03
1.131865e+00 2.797805e-01 4.972472e+00 1.427664e+00 2.185364e+02
9.859781e-01 3.102067e+00 5.059198e+00 4.071333e+00 1.569451e+03
4.147936e+00 1.287591e+00 4.993308e+00 4.114628e+00 1.591575e+03
-7.246477e-01 8.891087e-02 1.389656e+00 1.001978e+00 1.010533e+00
1.261247e+00 9.594165e-01 4.878886e+00 4.436346e+00 1.755973e+03
-1.110619e+00 1.135293e+00 4.557862e+00 1.366857e+00 1.874641e+02
1.661009e+00 1.338485e+00 4.886153e+00 4.520245e+00 1.798845e+03
-1.155529e+00 1.030721e+00 8.395253e+00 1.002258e+00 1.153703e+00
-1.263927e+00 7.515427e-01 5.354162e+00 1.375922e+00 1.920964e+02
-9.020498e-01 -1.799166e+00 5.813195e+00 1.305633e+00 1.561784e+02
1.540631e+00 1.178516e+00 5.418229e+00 1.590294e+00 3.016401e+02
-1.510504e+00 1.136581e+00 4.499250e+00 1.346066e+00 1.768399e+02
-2.139379e+00 -8.596346e-01 5.149366e+00 1.330840e+00 1.690591e+02
6.052850e-01 1.919966e+00 4.767986e+00 4.456657e+00 1.766352e+03
1.403579e+00 1.212762e-01 5.207516e+00 4.497829e+00 1.787391e+03
1.498848e+00 -2.158785e+00 4.974431e+00 4.089706e+00 1.578840e+03
-9.510716e-01 -7.552280e-01 4.778683e+00 1.338968e+00 1.732127e+02
1.246281e+00 -1.629094e+00 5.374907e+00 1.295594e+00 1.510488e+02
-1.513927e-01 -1.309257e+00 5.859815e+00 1.510425e+00 2.608273e+02
-6.228178e-01 -9.427338e-01 4.359499e+00 1.392246e+00 2.004378e+02
-6.758759e-01 -1.309682e+00 4.484027e+00 1.312168e+00 1.595181e+02
4.248465e+00 1.477482e+00 4.969024e+00 4.071638e+00 1.569607e+03
1.212692e+00 1.044752e+00 4.981282e+00 4.484758e+00 1.780711e+03
3.294736e-01 1.407115e+00 4.633244e+00 1.329417e+00 1.683323e+02
2.915307e-01 -1.291809e+00 4.970506e+00 1.374711e+00 1.914774e+02
1.407167e+00 1.992423e-01 5.116858e+00 4.405480e+00 1.740200e+03
-1.809556e-01 -2.788327e-01 5.233619e+00 1.002776e+00 1.418399e+00
-8.153718e-02 -1.326120e+00 5.253623e+00 1.418349e+00 2.137766e+02
-3.408084e-01 8.029035e-01 5.066737e+00 1.374875e+00 1.915614e+02
6.581128e-01 -1.271721e+00 4.743879e+00 1.415332e+00 2.122345e+02
1.716286e-01 1.281061e+00 3.682909e+00 1.385550e+00 1.970163e+02
2.938565e-01 8.987033e-01 5.243383e+00 1.362458e+00 1.852159e+02
9.066202e-01 -8.132954e-01 3.683603e+00 1.531036e+00 2.713592e+02
1.183312e+00 -3.779172e-02 5.212455e+00 4.421462e+00 1.748367e+03
2.286857e+00 3.165376e+00 5.026085e+00 4.090444e+00 1.579217e+03
1.687347e+00 -7.387166e-01 4.406969e+00 4.481605e+00 1.779100e+03
3.854376e-01 -1.478398e+00 5.363354e+00 1.415689e+00 2.124170e+02
1.164767e+00 5.418776e-01 4.593383e+00 1.006379e+00 3.259788e+00
-1.683217e+00 -6.429103e-01 5.441900e+00 1.379905e+00 1.941313e+02
-5.331809e-01 1.087133e+00 4.991136e+00 4.131539e+00 1.600217e+03
9.595316e-01 2.984830e+00 4.928318e+00 4.114309e+00 1.591412e+03
1.760002e+00 2.610072e-01 4.840972e+00 4.487511e+00 1.782118e+03
9.457258e-01 1.079932e+00 5.214996e+00 4.489937e+00 1.783358e+03
7.786567e-01 1.448213e+00 5.196948e+00 1.431161e+00 2.203231e+02
-6.575367e-01 8.148576e-01 4.971258e+00 4.107852e+00 1.588112e+03
1.262472e+00 -1.238430e+00 4.735790e+00 1.312037e+00 1.594511e+02
5.148385e-01 -1.451321e+00 5.550710e+00 1.421377e+00 2.153234e+02
1.099669e+00 -1.527433e+00 5.191690e+00 1.331278e+00 1.692832e+02
1.397990e+00 1.283175e+00 4.506918e+00 1.472087e+00 2.412366e+02
4.375008e+00 1.885331e-01 5.042641e+00 4.102324e+00 1.585287e+03
1.238604e+00 3.000680e+00 4.985838e+00 4.116015e+00 1.592284e+03
6.955832e-01 2.155446e-01 6.597292e+00 1.438588e+00 2.241182e+02
-2.149102e+00 -1.243086e-01 5.629276e+00 1.382662e+00 1.955401e+02
-2.365088e-01 1.262785e-01 5.536903e+00 1.009335e+00 4.770247e+00
-8.556190e-01 1.802300e+00 4.936969e+00 1.334257e+00 1.708055e+02
1.910371e+00 6.478923e-01 5.116138e+00 4.487766e+00 1.782248e+03
-2.046725e+00 5.566446e-02 5.380662e+00 1.005431e+00 2.775241e+00
1.202945e+00 7.117903e-02 5.694775e+00 1.005913e+00 3.021429e+00
-2.309391e-01 -1.432214e+00 5.646698e+00 1.403326e+00 2.060997e+02
2.089093e-01 -8.729535e-01 3.172758e+00 1.465382e+00 2.378102e+02
1.408893e+00 -1.300153e-01 3.592044e+00 1.002724e+00 1.391759e+00
2.662905e+00 -4.396793e-01 4.930381e+00 4.415359e+00 1.745248e+03
1.160961e+00 4.924572e-01 5.093839e+00 4.548372e+00 1.813218e+03
2.040828e-01 5.676717e-01 5.291164e+00 1.548673e+00 2.803717e+02
2.264952e+00 1.247734e+00 5.096698e+00 4.428771e+00 1.752102e+03
-8.903177e-01 1.342626e+00 4.014589e+00 1.553704e+00 2.829429e+02
-6.833221e-01 2.645947e-01 5.086116e+00 1.000136e+00 6.962693e-02
4.787384e-01 -1.353971e+00 4.213866e+00 1.417203e+00 2.131908e+02
-1.142737e+00 9.242062e-01 6.721426e+00 1.485149e+00 2.479112e+02
-4.442433e-01 2.213583e+00 4.382665e+00 1.379288e+00 1.938159e+02
2.363559e-02 1.191727e-01 6.290240e+00 1.001412e+00 7.216663e-01
1.841071e+00 8.160095e-02 4.641097e+00 1.366847e+00 1.874586e+02
-8.629736e-01 1.495247e+00 4.962574e+00 1.335364e+00 1.713712e+02
2.740331e-01 -9.959264e-01 3.687728e+00 1.473574e+00 2.419964e+02
-2.402712e-02 4.797946e-01 2.822754e+00 1.000060e+00 3.063803e-02
-1.856132e+00 1.179134e+00 4.481239e+00 1.317264e+00 1.621220e+02
-9.651207e-02 1.293419e+00 4.697040e+00 1.002603e+00 1.330126e+00
1.516673e+00 -1.009558e+00 5.532378e+00 4.465828e+00 1.771038e+03
-2.228252e-01 2.175290e+00 4.913798e+00 4.065883e+00 1.566666e+03
1.659074e+00 1.558486e-03 5.221455e+00 4.514201e+00 1.795757e+03
4.520628e-01 -1.092751e+00 4.263362e+00 1.369923e+00 1.890305e+02
9.589973e-01 5.830846e-01 4.991927e+00 4.497584e+00 1.787265e+03
-7.550391e-01 1.099644e+00 6.899154e+00 1.009088e+00 4.643931e+00
-1.413816e+00 5.200467e-01 5.586002e+00 1.503488e+00 2.572824e+02
-1.044918e+00 1.720522e+00 4.729084e+00 1.520187e+00 2.658158e+02
2.368116e+00 2.519081e-01 5.090361e+00 4.453545e+00 1.764761e+03
1.282439e+00 -2.838266e-01 4.199414e+00 1.459574e+00 2.348423e+02
4.791644e-01 2.349329e-01 4.697475e+00 1.000719e+00 3.674675e-01
-7.817552e-01 5.372022e-01 6.066471e+00 1.446606e+00 2.282156e+02
1.117966e+00 3.089491e-01 3.504970e+00 1.483873e+00 2.472593e+02
9.874852e-01 8.689613e-01 3.976415e+00 1.470987e+00 2.406743e+02
-1.163691e+00 1.072642e+00 6.039105e+00 1.432035e+00 2.207700e+02
8.607369e-01 -1.116998e+00 5.020294e+00 4.522580e+00 1.800038e+03
2.330375e+00 6.166591e-01 4.938497e+00 4.419339e+00 1.747282e+03
3.636997e-01 -9.694448e-01 4.308923e+00 1.454604e+00 2.323027e+02
-1.062019e+00 4.147121e-01 5.173443e+00 1.423237e+00 2.162741e+02
-2.802713e-01 1.087888e+00 4.520492e+00 1.469291e+00 2.398078e+02
9.814342e-01 8.637793e-01 5.205640e+00 1.423352e+00 2.163327e+02
-1.463561e+00 -1.031629e+00 4.559620e+00 1.368679e+00 1.883951e+02
-8.870956e-01 -3.175975e-01 5.655941e+00 1.379324e+00 1.938348e+02
8.474816e-01 -1.444915e+00 4.762512e+00 1.321016e+00 1.640390e+02
-1.278945e+00 5.382468e-01 3.901435e+00 1.392109e+00 2.003675e+02
3.124268e-01 -6.146381e-01 4.579051e+00 1.000247e+00 1.261911e-01
3.777265e+00 -1.039463e+00 5.069184e+00 4.130818e+00 1.599848e+03
-1.630594e+00 8.805970e-01 3.922892e+00 1.448674e+00 2.292722e+02
1.319048e+00 2.530508e-01 4.339874e+00 1.418767e+00 2.139898e+02
1.239766e+00 1.420001e+00 4.469647e+00 1.380940e+00 1.946604e+02
-1.022887e+00 -1.687336e+00 4.685876e+00 1.350846e+00 1.792821e+02
6.101682e-01 1.383515e+00 6.445408e+00 1.488830e+00 2.497919e+02
-1.005337e-02 -1.370226e+00 3.581100e+00 1.521439e+00 2.664554e+02
1.752797e+00 -8.152105e-02 3.802813e+00 1.384829e+00 1.966476e+02
1.323756e+00 1.223220e+00 5.060809e+00 4.477402e+00 1.776953e+03
1.802324e+00 -8.817294e-01 4.327284e+00 1.008338e+00 4.260877e+00
-4.712276e-01 -5.424464e-01 5.049808e+00 4.101873e+00 1.585057e+03
1.261277e+00 1.184345e+00 5.732589e+00 1.286277e+00 1.462874e+02
2.246969e+00 3.071644e-01 5.260462e+00 4.517301e+00 1.797341e+03
1.505067e+00 1.354341e+00 3.878573e+00 1.372800e+00 1.905006e+02
-1.251552e+00 1.263142e+00 4.635670e+00 1.390866e+00 1.997325e+02
-1.954713e-01 2.041490e-01 5.819882e+00 1.000826e+00 4.220795e-01
1.897190e+00 -5.829402e-02 4.851250e+00 4.440654e+00 1.758174e+03
1.440633e+00 6.488092e-01 4.904903e+00 1.431587e+00 2.205409e+02
1.867346e+00 -8.907277e-01 4.999105e+00 4.507168e+00 1.792163e+03
2.187908e+00 -2.186694e+00 5.008253e+00 4.082714e+00 1.575267e+03
-5.041460e-01 1.607019e+00 4.345029e+00 1.403522e+00 2.061995e+02
-1.102341e+00 1.018060e+00 6.752555e+00 1.002727e+00 1.393477e+00
-1.346993e+00 8.424834e-01 4.808666e+00 1.316181e+00 1.615686e+02
-1.262468e+00 2.020639e-01 5.630668e+00 1.534237e+00 2.729950e+02
-6.512909e-01 2.994486e-01 4.986619e+00 4.108032e+00 1.588205e+03
-2.795938e-02 -5.670012e-01 4.667608e+00 1.001414e+00 7.225383e-01
-7.030104e-01 1.254228e+00 4.459288e+00 1.544099e+00 2.780347e+02
-1.249163e+00 -1.702949e+00 5.283784e+00 1.465195e+00 2.377145e+02
2.454865e-01 -1.414547e+00 4.784231e+00 1.369851e+00 1.889938e+02
-1.533937e+00 -1.051795e+00 4.480308e+00 1.340045e+00 1.737632e+02
-1.361187e+00 5.184839e-01 5.323445e+00 1.353079e+00 1.804232e+02
-8.819397e-01 -1.363491e+00 5.669359e+00 1.400959e+00 2.048899e+02
-1.285380e+00 1.755700e+00 5.327527e+00 1.359504e+00 1.837063e+02
-1.746971e+00 4.506883e-01 3.409733e+00 1.003885e+00 1.985060e+00
9.888151e-02 1.067753e+00 5.811726e+00 1.429892e+00 2.196748e+02
1.772980e+00 1.169249e+00 5.039700e+00 4.481572e+00 1.779083e+03
2.340328e+00 -2.338766e-01 4.939542e+00 4.502031e+00 1.789538e+03
-3.941601e-01 1.542315e+00 3.714047e+00 1.423304e+00 2.163084e+02
-7.896781e-02 1.546563e+00 7.156137e+00 1.483907e+00 2.472763e+02
2.363053e+00 -1.256098e+00 5.139081e+00 4.436791e+00 1.756200e+03
-5.734608e-01 -1.605537e+00 5.197047e+00 1.374166e+00 1.911990e+02
2.314587e+00 1.108099e-02 5.046449e+00 4.513971e+00 1.795639e+03
-1.067877e+00 7.906470e-01 5.626732e+00 1.418558e+00 2.138833e+02
-1.779371e+00 1.267822e+00 4.653549e+00 1.326461e+00 1.668218e+02
2.233906e+00 1.202951e+00 5.030587e+00 4.479901e+00 1.778229e+03
5.101791e-01 2.842970e+00 4.991793e+00 4.092946e+00 1.580495e+03
5.989920e-01 7.368933e-01 4.258040e+00 1.350403e+00 1.790560e+02
2.437806e-01 -1.597228e+00 4.328406e+00 1.530333e+00 2.710000e+02
-6.432679e-01 -6.526235e-01 4.037179e+00 1.461438e+00 2.357949e+02
1.263923e+00 -1.845952e-01 5.019496e+00 1.358620e+00 1.832549e+02
2.048925e+00 8.273304e-02 4.705810e+00 1.345918e+00 1.767642e+02
-1.918818e+00 2.438190e-01 5.039524e+00 1.360546e+00 1.842390e+02
-8.167539e-01 1.977272e+00 4.309818e+00 1.439797e+00 2.247361e+02
1.250745e+00 -1.189946e+00 4.474668e+00 4.454763e+00 1.765384e+03
-6.493596e-01 -2.016115e+00 4.801896e+00 1.356590e+00 1.822176e+02
1.806698e+00 1.591691e+00 4.676726e+00 4.462750e+00 1.769465e+03
-1.099960e+00 -5.784943e-01 4.817481e+00 1.415430e+00 2.122846e+02
1.758615e+00 9.063683e-01 5.318621e+00 4.500732e+00 1.788874e+03
2.511825e+00 6.090803e-01 4.793834e+00 4.515499e+00 1.796420e+03
3.676952e+00 -1.451248e+00 5.059374e+00 4.095835e+00 1.581972e+03
-9.184511e-02 2.281037e+00 4.803164e+00 1.510256e+00 2.607408e+02
4.261899e+00 1.163412e+00 5.024659e+00 4.095193e+00 1.581643e+03
-1.370978e+00 1.915073e-02 7.448422e+00 1.003306e+00 1.689191e+00
7.621324e-01 7.621884e-01 5.451696e+00 1.383311e+00 1.958717e+02
2.436035e+00 1.758901e-01 4.769252e+00 4.517836e+00 1.797614e+03
1.361785e+00 -1.923987e-01 5.553882e+00 1.366982e+00 1.875280e+02
1.817790e-01 8.547038e-01 4.509881e+00 1.414141e+00 2.116262e+02
4.160906e+00 -1.811693e-01 4.946870e+00 4.136276e+00 1.602637e+03
-1.719828e+00 -1.677619e+00 5.316838e+00 1.348956e+00 1.783163e+02
2.382134e-01 1.523286e+00 6.005418e+00 1.403730e+00 2.063061e+02
-2.029199e+00 2.530362e-01 5.285995e+00 1.334090e+00 1.707198e+02
-7.947242e-01 -2.131552e+00 4.692326e+00 1.401196e+00 2.050112e+02
1.323934e+00 -1.996403e-02 4.648642e+00 4.470939e+00 1.773650e+03
1.164998e-01 -1.310890e+00 5.018982e+00 4.135434e+00 1.602207e+03
5.562591e-01 -1.867499e+00 4.881827e+00 4.052351e+00 1.559752e+03
7.314676e-01 1.108720e+00 5.505695e+00 1.321255e+00 1.641613e+02
9.564993e-01 1.113123e+00 3.759329e+00 1.002287e+00 1.168682e+00
-4.803763e-01 1.808914e+00 4.271269e+00 1.340926e+00 1.742130e+02
-2.790596e-01 1.584747e+00 6.605658e+00 1.417883e+00 2.135382e+02
1.400282e-01 3.651467e-01 2.785703e+00 1.000403e+00 2.059856e-01
-1.229883e+00 -5.167416e-01 6.325733e+00 1.394692e+00 2.016874e+02
4.220413e+00 -1.728164e-01 5.033888e+00 4.121929e+00 1.595305e+03
-5.332367e-01 8.820931e-01 4.977230e+00 1.412127e+00 2.105967e+02
-2.532992e-01 1.529701e+00 5.040907e+00 1.369117e+00 1.886187e+02
-2.849589e-01 -1.529477e+00 5.676213e+00 1.375574e+00 1.919185e+02
1.191333e+00 -2.204220e+00 5.032180e+00 4.075687e+00 1.571676e+03
1.060025e+00 1.174650e+00 4.987478e+00 1.309414e+00 1.581106e+02
-1.041245e-01 1.184471e+00 6.408980e+00 1.517355e+00 2.643682e+02
-1.748758e+00 -1.910895e-01 4.390345e+00 1.407673e+00 2.083210e+02
-2.068254e+00 -3.084271e-01 5.538976e+00 1.311883e+00 1.593724e+02
1.598503e-01 -1.830403e+00 4.452255e+00 1.397719e+00 2.032345e+02
1.594425e+00 1.097102e+00 5.336300e+00 1.329178e+00 1.682101e+02
-1.308102e+00 4.778828e-01 3.648162e+00 1.425294e+00 2.173254e+02
1.131508e+00 1.217283e-01 5.113750e+00 4.525415e+00 1.801487e+03
6.577129e-01 -8.862417e-01 5.064309e+00 1.401662e+00 2.052494e+02
2.767317e-01 -3.039812e-01 5.547605e+00 1.005163e+00 2.638374e+00
1.418277e+00 -1.577970e+00 5.070233e+00 1.353851e+00 1.808178e+02
1.499100e+00 8.688433e-01 5.184500e+00 4.478927e+00 1.777732e+03
1.605117e+00 1.404081e+00 4.763312e+00 4.465861e+00 1.771055e+03
-5.349070e-01 -1.345639e+00 4.243988e+00 1.319794e+00 1.634150e+02
2.233763e+00 -9.137933e-01 5.632029e+00 1.383857e+00 1.961507e+02
8.809498e-01 -8.042801e-01 4.710481e+00 1.332242e+00 1.697754e+02
-1.376507e+00 3.190458e-03 3.979906e+00 1.428545e+00 2.189865e+02
-7.403761e-01 -1.050397e+00 6.694121e+00 1.436343e+00 2.229715e+02
-4.763836e-01 -1.471506e+00 5.595347e+00 1.321014e+00 1.640383e+02
-5.640689e-01 -1.009900e+00 5.118880e+00 1.379090e+00 1.937148e+02
2.640285e+00 -2.088366e+00 5.037225e+00 4.098479e+00 1.583323e+03
-6.200073e-01 5.320637e-01 5.028160e+00 4.126377e+00 1.597579e+03
1.047752e+00 5.708096e-02 4.603763e+00 1.373660e+00 1.909401e+02
1.216454e+00 -8.907118e-01 4.835381e+00 1.322688e+00 1.648936e+02
-4.769177e-01 9.336405e-01 4.736222e+00 1.290043e+00 1.482122e+02
-5.112456e-01 -1.559210e-01 3.915810e+00 1.003391e+00 1.733037e+00
2.605456e+00 -1.002381e+00 5.312119e+00 4.498632e+00 1.787801e+03
1.221138e+00 1.049617e+00 4.289148e+00 1.401235e+00 2.050311e+02
1.822121e+00 -5.589643e-02 5.027051e+00 4.475572e+00 1.776017e+03
-1.935571e+00 -1.105873e+00 4.516949e+00 1.322965e+00 1.650352e+02
2.320900e+00 1.296384e+00 5.205782e+00 4.518866e+00 1.798140e+03
9.245939e-01 2.924486e+00 4.999522e+00 4.119440e+00 1.594034e+03
1.874583e+00 3.165732e+00 5.215147e+00 4.078096e+00 1.572907e+03
7.353810e-01 1.645905e+00 4.631470e+00 1.291697e+00 1.490570e+02
2.174696e+00 1.078652e+00 4.852925e+00 4.462095e+00 1.769130e+03
1.029461e+00 5.001703e-01 4.903760e+00 4.486623e+00 1.781664e+03
-1.142095e+00 -1.196507e+00 6.305462e+00 1.419051e+00 2.141348e+02
-2.644358e-01 -1.222632e+00 3.953353e+00 1.391939e+00 2.002806e+02
-1.403018e+00 1.830198e-01 4.718668e+00 1.462001e+00 2.360826e+02
-8.238751e-01 1.595939e+00 5.820790e+00 1.369815e+00 1.889755e+02
9.914092e-01 1.282558e+00 5.533878e+00 1.412041e+00 2.105531e+02
1.572816e+00 1.090329e+00 5.032050e+00 4.490678e+00 1.783737e+03
-3.021595e-01 2.160836e+00 4.984923e+00 4.084587e+00 1.576224e+03
1.304762e+00 7.437364e-01 5.149936e+00 1.428820e+00 2.191268e+02
-4.069967e-01 1.340598e+00 3.712868e+00 2.375113e+00 7.026829e+02
8.118263e-01 2.858742e+00 5.093632e+00 4.111667e+00 1.590062e+03
1.593361e+00 3.760199e-01 5.347710e+00 4.499614e+00 1.788303e+03
1.818365e+00 1.065025e-01 3.547128e+00 1.326178e+00 1.666769e+02
8.550985e-01 -1.108767e+00 5.085671e+00 1.795550e+00 4.065262e+02
-1.481582e+00 1.540064e-01 5.162150e+00 1.389105e+00 1.988327e+02
2.286331e+00 -4.847356e-01 4.871410e+00 4.445490e+00 1.760645e+03
-1.174581e+00 -9.665616e-01 5.307558e+00 1.457517e+00 2.337911e+02
2.504188e+00 1.398277e-01 5.145456e+00 4.469995e+00 1.773167e+03
1.830846e-01 -1.581597e+00 6.153777e+00 1.001148e+00 5.866588e-01
2.377482e+00 5.325205e-01 4.981918e+00 4.475262e+00 1.775859e+03
3.403401e-01 6.081064e-02 5.111525e+00 1.000392e+00 2.002199e-01
-9.675542e-01 -1.736803e+00 5.262276e+00 1.287733e+00 1.470317e+02
1.106358e+00 1.702543e+00 5.218488e+00 4.423550e+00 1.749434e+03
1.362636e+00 1.819606e-01 4.901603e+00 4.483143e+00 1.779886e+03
-3.179204e-01 1.132365e+00 5.801425e+00 1.461149e+00 2.356471e+02
1.345700e+00 -1.792187e+00 4.358099e+00 1.339783e+00 1.736289e+02
2.441184e+00 1.137839e+00 5.317167e+00 4.456143e+00 1.766089e+03
-9.588424e-02 1.276894e+00 5.862746e+00 1.407477e+00 2.082205e+02
-1.112223e+00 -7.935574e-01 5.131641e+00 1.423428e+00 2.163717e+02
-1.548186e+00 -1.140399e-01 4.948363e+00 1.599084e+00 3.061319e+02
2.549745e+00 3.198052e-01 5.448733e+00 4.511479e+00 1.794366e+03
1.440668e+00 1.250841e-01 4.983275e+00 1.281009e+00 1.435957e+02
1.950254e+00 6.657197e-01 5.188674e+00 4.492722e+00 1.784781e+03
4.453451e-01 4.534203e-01 5.931492e+00 1.432405e+00 2.209591e+02
-3.288484e-01 -9.528637e-01 5.005374e+00 4.086022e+00 1.576957e+03
-4.092381e-02 2.156306e+00 5.422836e+00 1.440791e+00 2.252440e+02
-1.569403e+00 -1.658197e+00 4.801993e+00 1.391850e+00 2.002354e+02
1.697622e+00 7.470355e-01 4.978039e+00 4.378985e+00 1.726662e+03
7.116081e-01 -9.952073e-01 5.112647e+00 1.436937e+00 2.232749e+02
-1.429960e+00 1.781754e-01 4.740351e+00 1.359495e+00 1.837021e+02
2.579791e+00 3.017685e+00 4.992507e+00 4.089436e+00 1.578702e+03
8.629873e-01 -4.551420e-01 6.092523e+00 1.425463e+00 2.174114e+02
4.758256e-01 -1.068611e+00 5.505159e+00 1.322602e+00 1.648496e+02
1.551741e+00 -1.248026e-02 4.329598e+00 1.332469e+00 1.698918e+02
2.722932e-01 2.419281e+00 5.130234e+00 1.495539e+00 2.532206e+02
1.222297e+00 3.626447e-01 3.407890e+00 1.000500e+00 2.555569e-01
1.033502e+00 9.243486e-01 4.435422e+00 1.422414e+00 2.158538e+02
1.218673e+00 -1.145886e+00 5.281166e+00 1.366697e+00 1.873823e+02
1.624420e+00 -9.808485e-01 5.631447e+00 1.389566e+00 1.990683e+02
6.883517e-01 3.692631e-01 6.769722e+00 1.001704e+00 8.705720e-01
-2.036410e-01 8.403742e-01 3.800166e+00 1.448756e+00 2.293142e+02
1.272716e+00 1.350462e+00 5.231057e+00 4.514342e+00 1.795829e+03
-1.031889e+00 -6.827484e-01 5.765868e+00 1.351864e+00 1.798025e+02
1.740075e+00 -7.458049e-01 6.427148e+00 1.401235e+00 2.050313e+02
-9.157094e-01 1.210881e+00 5.027090e+00 1.311925e+00 1.593939e+02
-6.687119e-01 5.321421e-01 4.100464e+00 1.360713e+00 1.843242e+02
1.583723e+00 7.328203e-01 5.237083e+00 4.482326e+00 1.779468e+03
-1.680872e+00 -1.998123e-01 5.176365e+00 1.319369e+00 1.631977e+02
1.187098e+00 4.276464e-01 2.260861e+00 1.000403e+00 2.060133e-01
7.443456e-01 -1.319970e+00 5.211035e+00 1.368368e+00 1.882361e+02
-9.922794e-01 -1.513265e+00 4.564952e+00 1.431996e+00 2.207501e+02
1.340839e+00 4.541603e-01 4.760262e+00 4.440659e+00 1.758177e+03
1.020463e+00 -1.012393e+00 5.171261e+00 1.356444e+00 1.821429e+02
3.248262e-01 -1.263782e+00 4.912137e+00 1.099053e+00 5.061596e+01
-2.524143e-02 -1.398409e+00 5.057620e+00 4.075923e+00 1.571797e+03
2.552267e-01 1.214655e+00 5.233557e+00 1.386925e+00 1.977189e+02
3.807732e-01 7.882864e-02 5.279365e+00 1.003607e+00 1.842996e+00
-1.838225e+00 8.253333e-01 4.517182e+00 1.406200e+00 2.075682e+02
-8.198012e-02 1.179511e-01 3.670223e+00 1.000381e+00 1.944429e-01
3.421443e-01 2.028072e+00 4.709092e+00 1.359992e+00 1.839557e+02
-1.251562e+00 3.853857e-01 5.414111e+00 1.254228e+00 1.299103e+02
1.507183e+00 -3.217425e-01 4.795812e+00 4.525111e+00 1.801332e+03
-1.604353e+00 1.003739e+00 5.075974e+00 1.014911e+00 7.619727e+00
9.203058e-01 -1.599499e+00 5.220412e+00 4.456833e+00 1.766441e+03
5.514225e-02 2.600186e+00 5.003528e+00 4.071161e+00 1.569363e+03
-1.449544e+00 -1.005917e+00 4.331486e+00 1.414275e+00 2.116948e+02
2.854485e+00 -2.087641e+00 5.004095e+00 4.063090e+00 1.565239e+03
6.924298e-01 1.426071e-01 4.748671e+00 1.580252e+00 2.965087e+02
-1.356267e-01 -1.145568e-01 5.964443e+00 1.005067e+00 2.589371e+00
3.562810e+00 -1.319577e+00 5.207718e+00 4.066031e+00 1.566742e+03
8.940361e-01 1.457189e+00 5.433190e+00 1.000930e+00 4.752529e-01
9.225719e-01 -1.225427e+00 5.723965e+00 1.498373e+00 2.546686e+02
5.112090e-01 -1.771308e-01 7.663170e+00 1.000089e+00 4.570918e-02
2.182166e+00 1.298857e+00 5.376810e+00 4.411136e+00 1.743090e+03
-2.038263e+00 -1.923976e+00 5.343627e+00 1.714877e+00 3.653022e+02
4.485116e-01 -1.776824e+00 5.035249e+00 4.093922e+00 1.580994e+03
4.090857e+00 1.314343e+00 5.056284e+00 4.128563e+00 1.598696e+03
-1.688104e+00 -3.910473e-01 5.568119e+00 1.324135e+00 1.656331e+02
1.066337e+00 5.466909e-01 5.193487e+00 4.430844e+00 1.753161e+03
2.850534e+00 -1.966573e+00 5.100833e+00 4.110448e+00 1.589439e+03
1.927571e+00 1.663988e-01 5.581340e+00 1.335380e+00 1.713790e+02
-8.621712e-01 -1.103193e+00 5.985969e+00 1.428902e+00 2.191687e+02
1.243814e+00 1.046924e+00 2.898342e+00 1.512157e+00 2.617122e+02
4.045039e+00 1.564853e+00 5.027822e+00 4.117217e+00 1.592898e+03
2.229419e+00 5.223971e-01 5.466766e+00 1.323644e+00 1.653821e+02
-2.231831e-02 -1.841897e+00 4.185211e+00 1.301578e+00 1.541066e+02
-4.661832e-01 -1.323838e+00 6.875199e+00 1.531307e+00 2.714978e+02
1.944046e+00 -5.632751e-01 5.079243e+00 1.622627e+00 3.181622e+02
1.024030e+00 7.809244e-01 5.083325e+00 4.505909e+00 1.791519e+03
-7.775306e-01 1.384327e+00 5.841491e+00 1.004780e+00 2.442531e+00
-6.648019e-01 1.358574e+00 3.976184e+00 1.414941e+00 2.120349e+02
-4.553708e-01 -1.305856e+00 5.231052e+00 1.380953e+00 1.946672e+02
2.222302e+00 1.372372e+00 4.903610e+00 4.439489e+00 1.757579e+03
1.406481e-01 1.344946e+00 6.169154e+00 1.002229e+00 1.139179e+00
1.958569e+00 9.796974e-01 5.389922e+00 1.287267e+00 1.467935e+02
-1.419256e-01 -1.223338e+00 4.362496e+00 1.417700e+00 2.134449e+02
3.280183e-01 3.731393e-01 5.247606e+00 1.001745e+00 8.916335e-01
2.561702e-01 -1.655808e+00 4.055167e+00 1.412001e+00 2.105323e+02
-2.902244e-01 -1.069564e+00 7.222579e+00 1.001272e+00 6.499579e-01
5.320801e-01 1.249347e+00 5.804442e+00 1.495670e+00 2.532875e+02
1.246937e+00 -6.173405e-01 5.469568e+00 1.432696e+00 2.211077e+02
-2.858597e-01 1.449301e+00 6.399500e+00 1.567202e+00 2.898401e+02
1.743384e-01 -6.262188e-01 4.228057e+00 1.519974e+00 2.657068e+02
3.647400e-01 -6.589510e-02 6.103176e+00 1.492939e+00 2.518920e+02
1.208045e+00 1.003584e+00 4.644104e+00 1.336360e+00 1.718800e+02
2.512716e-01 -1.382039e+00 5.109854e+00 1.374098e+00 1.911642e+02
-1.318527e+00 -1.930611e-01 4.637455e+00 1.355596e+00 1.817094e+02
1.176307e+00 -1.737177e-01 4.940911e+00 4.502821e+00 1.789941e+03
6.706506e-01 1.802514e+00 4.849138e+00 1.318018e+00 1.625072e+02
-5.903337e-01 -2.280813e+00 4.656792e+00 1.363227e+00 1.856090e+02
1.240996e+00 -1.440376e-01 5.150395e+00 4.398494e+00 1.736630e+03
-1.481591e-01 -1.420695e+00 5.200373e+00 1.386996e+00 1.977548e+02
1.219625e+00 -6.094410e-01 5.506761e+00 1.386155e+00 1.973250e+02
5.201820e-03 1.632908e+00 4.537247e+00 1.377803e+00 1.930571e+02
1.021863e+00 -1.374911e+00 5.479612e+00 1.357815e+00 1.828435e+02
-1.619018e+00 -3.653228e-01 5.132716e+00 1.314728e+00 1.608258e+02
-1.733006e+00 1.628414e-01 5.616627e+00 1.389521e+00 1.990451e+02
-1.052426e+00 -8.673024e-01 3.776772e+00 1.429634e+00 2.195431e+02
1.632956e+00 6.471477e-01 5.246393e+00 1.300857e+00 1.537381e+02
1.435728e+00 -9.634413e-01 5.724615e+00 1.364778e+00 1.864018e+02
8.309776e-02 2.404464e+00 4.998204e+00 4.105131e+00 1.586722e+03
-5.015209e-01 -9.012503e-01 5.737948e+00 1.448456e+00 2.291611e+02
7.346370e-01 -9.458791e-01 4.520246e+00 1.580259e+00 2.965124e+02
-1.026370e+00 2.067645e+00 4.182566e+00 1.419307e+00 2.142657e+02
1.088002e+00 8.526911e-01 4.760872e+00 1.332943e+00 1.701339e+02
8.939601e-01 1.342319e+00 6.644025e+00 1.413783e+00 2.114430e+02
2.027882e+00 5.795627e-01 5.211780e+00 4.490729e+00 1.783762e+03
-5.174446e-01 -6.493893e-01 4.974891e+00 1.420659e+00 2.149567e+02
-1.065769e+00 -4.253501e-01 4.823937e+00 1.390368e+00 1.994782e+02
1.919778e+00 9.266487e-01 4.424700e+00 1.340853e+00 1.741757e+02
2.186860e+00 -1.287302e-01 5.199795e+00 4.493654e+00 1.785257e+03
-6.737411e-01 1.318208e+00 4.997274e+00 4.093114e+00 1.580581e+03
2.161148e-01 7.854662e-01 4.271720e+00 1.385115e+00 1.967936e+02
2.173004e-01 -1.613064e+00 5.394054e+00 1.405871e+00 2.074000e+02
-1.659422e+00 -1.773309e+00 5.657118e+00 1.370285e+00 1.892158e+02
-1.736138e-01 -6.131080e-01 5.045488e+00 1.438371e+00 2.240077e+02
-1.382228e+00 -1.242173e+00 4.551503e+00 1.410975e+00 2.100081e+02
-1.429898e+00 1.093377e+00 4.625999e+00 1.324076e+00 1.656027e+02
-1.730435e+00 -6.411834e-01 5.289590e+00 1.442033e+00 2.258787e+02
1.078005e+00 5.922181e-01 5.104817e+00 4.467713e+00 1.772001e+03
-1.297843e+00 5.257347e-01 4.520843e+00 1.351290e+00 1.795092e+02
-8.360018e-01 -1.322926e+00 4.150788e+00 1.434369e+00 2.219627e+02
-4.842781e-01 -1.695147e+00 5.272672e+00 1.006290e+00 3.213965e+00
-4.546634e-01 -9.740867e-01 4.415487e+00 1.408638e+00 2.088140e+02
4.745299e-02 8.660243e-01 4.863887e+00 1.385336e+00 1.969067e+02
1.480728e+00 1.186107e-01 5.611190e+00 1.384245e+00 1.963490e+02
5.421856e-01 1.906522e+00 4.617696e+00 1.437591e+00 2.236092e+02
-5.450673e-01 -2.529896e-01 5.006149e+00 4.105941e+00 1.587136e+03
1.567148e+00 2.798261e-01 4.700209e+00 4.427944e+00 1.751679e+03
2.303709e+00 2.245127e-01 4.799876e+00 4.453080e+00 1.764524e+03
4.942963e-02 1.734596e+00 5.314531e+00 1.368910e+00 1.885128e+02
-8.072505e-01 1.614955e+00 4.858727e+00 1.309401e+00 1.581037e+02
1.508095e+00 -5.526304e-01 4.687095e+00 1.297082e+00 1.518088e+02
1.765035e+00 -1.754166e+00 4.619819e+00 1.309537e+00 1.581732e+02
-9.330773e-02 -1.483306e+00 5.657961e+00 1.342623e+00 1.750803e+02
-2.159939e+00 1.040665e+00 4.707645e+00 1.408184e+00 2.085819e+02
-1.716852e+00 4.665949e-01 4.518321e+00 1.214876e+00 1.098014e+02
7.445278e-01 -1.358880e+00 4.012196e+00 1.332575e+00 1.699456e+02
9.204697e-01 -1.684189e-01 4.779622e+00 1.405933e+00 2.074315e+02
-5.709562e-01 1.482435e+00 4.857959e+00 1.393350e+00 2.010019e+02
-9.457506e-01 9.210131e-01 4.171825e+00 1.408010e+00 2.084929e+02
1.250728e+00 3.136394e+00 5.064159e+00 4.084940e+00 1.576405e+03
-1.741344e+00 1.127250e+00 5.735304e+00 1.369259e+00 1.886911e+02
-1.128037e+00 5.142186e-01 4.812471e+00 1.334625e+00 1.709931e+02
-1.088632e+00 -1.386112e+00 4.972449e+00 1.365170e+00 1.866020e+02
1.114939e+00 6.255260e-01 5.483640e+00 1.455844e+00 2.329361e+02
1.154139e-01 3.140923e-01 5.915658e+00 1.000505e+00 2.583023e-01
1.392542e-02 -9.600069e-01 4.241139e+00 1.510467e+00 2.608487e+02
1.617710e+00 9.121900e-01 5.045757e+00 4.495753e+00 1.786330e+03
1.076972e+00 1.444678e+00 4.920407e+00 1.001618e+00 8.269244e-01
-7.699064e-01 7.501712e-01 5.413732e+00 1.017210e+00 8.794308e+00
1.784602e+00 9.864742e-01 5.190227e+00 4.516717e+00 1.797043e+03
-1.006750e+00 1.097379e+00 4.923944e+00 1.329264e+00 1.682538e+02
2.403384e+00 -3.638575e-01 5.225447e+00 4.460393e+00 1.768261e+03
7.361156e-01 -1.112013e+00 4.823667e+00 1.433902e+00 2.217240e+02
6.014360e-01 -1.570815e+00 3.509201e+00 1.005825e+00 2.976794e+00
-1.538962e+00 7.050561e-01 4.639101e+00 1.385433e+00 1.969562e+02
1.059962e+00 -1.367969e+00 5.391980e+00 1.417125e+00 2.131509e+02
8.159648e-01 7.658716e-01 4.234704e+00 1.529828e+00 2.707422e+02
9.806038e-01 1.538713e+00 6.254868e+00 1.427826e+00 2.186190e+02
8.805601e-02 4.902732e-03 5.592572e+00 1.000913e+00 4.664279e-01
2.495608e+00 4.726477e-01 4.983074e+00 4.431948e+00 1.753725e+03
1.965125e+00 9.572912e-01 4.707075e+00 1.359576e+00 1.837433e+02
-5.013749e-01 -1.321321e+00 5.772763e+00 1.412134e+00 2.106006e+02
9.829214e-01 4.429293e-01 5.935564e+00 1.397785e+00 2.032681e+02
8.398692e-02 -2.897993e-01 4.166012e+00 1.003308e+00 1.690227e+00
4.643257e-01 2.485024e-01 5.918897e+00 1.000112e+00 5.733348e-02
9.199050e-01 1.449120e+00 5.512160e+00 1.346856e+00 1.772436e+02
1.460207e+00 -1.772507e+00 4.923564e+00 1.319974e+00 1.635068e+02
1.987309e+00 5.479858e-01 4.954149e+00 4.475884e+00 1.776176e+03
-1.540717e+00 2.877076e-01 3.880548e+00 1.404195e+00 2.065434e+02
1.448979e+00 5.941841e-01 5.156558e+00 4.489220e+00 1.782992e+03
-8.809614e-01 -1.172876e+00 4.487821e+00 1.006037e+00 3.084745e+00
1.505945e+00 -1.242401e+00 5.176230e+00 1.317734e+00 1.623621e+02
4.050348e-01 1.842898e+00 4.247522e+00 1.378779e+00 1.935560e+02
-8.531289e-01 -3.069461e-01 4.748951e+00 1.403316e+00 2.060945e+02
-8.389367e-01 8.219563e-01 6.153059e+00 1.396358e+00 2.025388e+02
-1.141453e+00 7.442810e-01 5.392662e+00 1.555397e+00 2.838080e+02
2.264176e+00 -1.384121e+00 5.049938e+00 1.351414e+00 1.795726e+02
-3.112210e-01 1.423957e-01 4.813079e+00 1.004878e+00 2.492459e+00
4.278579e+00 1.334860e+00 4.985189e+00 4.077610e+00 1.572659e+03
1.053421e+00 -2.591077e-01 4.511205e+00 1.365707e+00 1.868760e+02
1.038490e+00 1.073051e+00 4.658141e+00 1.000749e+00 3.825398e-01
2.512502e-01 -1.905007e+00 6.168117e+00 1.401057e+00 2.049400e+02
1.022850e+00 -8.739159e-01 5.199965e+00 1.343139e+00 1.753442e+02
-1.365296e+00 9.639864e-01 7.237342e+00 1.498916e+00 2.549459e+02
-1.186582e+00 -1.752217e-01 6.634557e+00 1.520876e+00 2.661676e+02
7.504131e-01 -8.002961e-01 4.786863e+00 1.437406e+00 2.235143e+02
1.369112e+00 -7.090276e-01 5.089531e+00 4.440075e+00 1.757878e+03
-1.532857e+00 -3.907122e-01 5.326241e+00 1.301068e+00 1.538455e+02
6.652283e-01 4.410105e-04 5.278796e+00 1.431661e+00 2.205786e+02
9.885579e-01 -1.349237e+00 5.524849e+00 1.306521e+00 1.566320e+02
-1.146596e+00 1.040884e+00 4.734493e+00 1.380810e+00 1.945940e+02
-9.235096e-01 -1.177393e+00 5.440834e+00 1.279589e+00 1.428700e+02
1.322593e-01 -1.607133e+00 5.021001e+00 4.068586e+00 1.568047e+03
-1.379754e+00 -8.250048e-01 3.536356e+00 1.429782e+00 2.196185e+02
8.651810e-01 1.231883e+00 5.588535e+00 1.342331e+00 1.749310e+02
8.833141e-01 -1.521103e+00 5.352394e+00 1.342314e+00 1.749222e+02
3.199460e-01 2.484223e+00 5.030218e+00 4.131722e+00 1.600310e+03
-1.522074e+00 1.256898e+00 5.434516e+00 1.319879e+00 1.634580e+02
-2.266008e-01 -1.840267e+00 5.551861e+00 1.321490e+00 1.642815e+02
-8.385638e-01 -3.750965e-01 7.038015e+00 1.515888e+00 2.636188e+02
9.486502e-01 1.147014e+00 4.623167e+00 4.504752e+00 1.790928e+03
-1.122527e+00 1.254440e+00 5.518634e+00 1.362252e+00 1.851107e+02
1.171526e+00 -4.369858e-01 6.252079e+00 1.441238e+00 2.254728e+02
1.114959e+00 -1.556572e+00 4.467274e+00 1.378708e+00 1.935200e+02
2.225186e+00 2.109187e-01 4.963261e+00 4.497310e+00 1.787125e+03
-1.214256e+00 -3.135066e-01 5.019155e+00 1.448313e+00 2.290879e+02
-1.021186e+00 5.882694e-02 5.220193e+00 1.382569e+00 1.954925e+02
-1.965906e+00 8.303109e-01 4.273149e+00 1.377502e+00 1.929036e+02
2.467132e+00 -1.446298e-01 5.029240e+00 4.475576e+00 1.776020e+03
2.084051e+00 4.326543e-01 5.007075e+00 1.376344e+00 1.923117e+02
5.995809e-01 1.154446e+00 4.853749e+00 1.343935e+00 1.757509e+02
1.473813e+00 -2.261988e+00 5.017292e+00 4.074297e+00 1.570966e+03
-1.636052e+00 5.810277e-01 4.547775e+00 1.381358e+00 1.948740e+02
-2.227032e+00 -6.522544e-01 5.542504e+00 1.357081e+00 1.824683e+02
2.566971e+00 -3.479316e-01 5.102844e+00 4.487176e+00 1.781947e+03
-1.457198e+00 1.100186e+00 5.067911e+00 1.327449e+00 1.673266e+02
2.250244e+00 1.294832e+00 4.935690e+00 4.460370e+00 1.768249e+03
-4.360324e-01 -1.540218e+00 5.649650e+00 1.387567e+00 1.980466e+02
1.229423e+00 2.208126e-01 5.379733e+00 4.390089e+00 1.732335e+03
1.704534e+00 -7.110156e-01 5.475140e+00 1.328682e+00 1.679566e+02
1.640847e+00 5.550233e-01 4.979211e+00 4.498688e+00 1.787830e+03
-1.948582e+00 7.723809e-01 5.566207e+00 1.331780e+00 1.695397e+02
-9.788781e-03 1.373505e+00 3.882594e+00 1.438086e+00 2.238620e+02
3.295827e-01 1.254183e+00 5.343522e+00 1.292355e+00 1.493934e+02
-8.281018e-01 8.114230e-01 5.496023e+00 1.412833e+00 2.109579e+02
1.783904e+00 1.420901e-01 5.095980e+00 4.515323e+00 1.796330e+03
-1.214819e-01 1.879633e+00 4.336692e+00 1.302996e+00 1.548308e+02
-7.281572e-01 -1.230315e+00 5.383078e+00 1.406624e+00 2.077848e+02
1.546739e+00 -3.635272e-01 4.384413e+00 1.395914e+00 2.023118e+02
-9.069122e-01 -9.110814e-01 6.654076e+00 1.001139e+00 5.820270e-01
9.847463e-02 -2.458157e-01 5.970947e+00 1.000183e+00 9.358018e-02
5.367133e-01 -1.733406e-01 5.324739e+00 1.001828e+00 9.342370e-01
9.142029e-02 4.680358e-01 5.549312e+00 1.000213e+00 1.089272e-01
1.572092e+00 1.194351e-01 4.988515e+00 4.489381e+00 1.783074e+03
-3.421814e-01 2.809552e-01 4.829552e+00 1.478750e+00 2.446411e+02
-1.439004e+00 -1.987242e-01 5.935619e+00 1.601713e+00 3.074754e+02
1.100631e+00 1.292735e+00 5.567507e+00 1.380251e+00 1.943083e+02
1.248820e+00 -1.911954e-01 4.790387e+00 1.470111e+00 2.402269e+02
3.478517e+00 2.664767e+00 4.913929e+00 4.097353e+00 1.582747e+03
2.619397e-01 4.920984e-01 5.785287e+00 1.000600e+00 3.065359e-01
5.188130e-01 1.372458e-01 4.220516e+00 1.000708e+00 3.619079e-01
-2.310893e-01 5.668929e-01 4.420996e+00 1.001512e+00 7.726737e-01
-3.105224e-01 2.139929e+00 4.998764e+00 4.083631e+00 1.575735e+03
-3.088322e-01 1.374718e-01 5.602073e+00 1.026494e+00 1.353860e+01
1.356318e+00 3.961136e-01 4.773769e+00 4.484333e+00 1.780494e+03
7.079253e-01 1.856022e-01 5.147263e+00 1.389222e+00 1.988922e+02
1.022494e+00 1.157762e+00 5.117524e+00 1.345103e+00 1.763477e+02
1.103068e+00 1.456707e+00 4.030077e+00 1.007694e+00 3.931605e+00
1.789939e+00 4.960082e-01 5.541418e+00 1.280949e+00 1.435651e+02
-2.951678e-01 1.017713e-01 7.693161e+00 1.000304e+00 1.552313e-01
-5.195918e-01 -1.219463e+00 3.472498e+00 1.501163e+00 2.560945e+02
-2.057047e-01 -1.665062e-01 2.564879e+00 1.000111e+00 5.696233e-02
2.571076e-01 7.259030e-01 4.548290e+00 1.426561e+00 2.179727e+02
-2.159533e-01 2.103177e+00 5.100475e+00 4.094424e+00 1.581251e+03
-2.312463e+00 6.684474e-02 5.373932e+00 1.318068e+00 1.625326e+02
1.962853e+00 1.457968e+00 4.764899e+00 4.477390e+00 1.776946e+03
2.003699e+00 4.182313e-02 4.864274e+00 4.486804e+00 1.781757e+03
2.109358e+00 -2.428078e-02 5.126828e+00 4.510405e+00 1.793817e+03
6.109226e-01 5.566503e-01 4.932992e+00 1.002093e+00 1.069615e+00
-9.974297e-01 -8.657192e-01 5.220006e+00 1.366015e+00 1.870337e+02
9.736680e-01 2.162254e-01 4.589494e+00 1.378797e+00 1.935650e+02
-1.712910e+00 1.820579e+00 4.426932e+00 1.354336e+00 1.810658e+02
2.418758e+00 -8.631487e-02 4.642469e+00 4.509016e+00 1.793107e+03
3.190320e+00 2.603825e+00 4.958303e+00 4.108930e+00 1.588663e+03
-2.727035e-01 -1.254018e+00 5.075617e+00 4.074130e+00 1.570880e+03
-2.863205e-01 -5.611862e-01 5.385480e+00 1.415642e+00 2.123931e+02
-1.633301e+00 4.661850e-01 5.415188e+00 1.002848e+00 1.455381e+00
1.264424e+00 -1.598039e+00 5.599041e+00 1.386757e+00 1.976328e+02
-1.667626e+00 6.221852e-01 3.391274e+00 1.004314e+00 2.204485e+00
-9.036140e-01 -5.210070e-01 4.401469e+00 1.424296e+00 2.168152e+02
-1.491479e+00 -4.147841e-01 4.500476e+00 1.001551e+00 7.926362e-01
-4.302036e-02 -2.183017e+00 4.163873e+00 1.529821e+00 2.707384e+02
1.281559e+00 1.047741e+00 3.726642e+00 1.474486e+00 2.424623e+02
-2.202142e+00 -3.555489e-01 4.671201e+00 1.330356e+00 1.688119e+02
1.627031e+00 8.970269e-02 5.127339e+00 4.486696e+00 1.781702e+03
-1.430302e+00 1.058731e+00 5.667884e+00 1.451912e+00 2.309270e+02
9.465769e-01 6.529402e-01 6.488078e+00 1.001009e+00 5.156950e-01
-1.863154e+00 7.168977e-01 4.907839e+00 1.386543e+00 1.975235e+02
9.697682e-01 1.605246e+00 5.175678e+00 4.470847e+00 1.773603e+03
-3.796631e-01 1.546351e+00 6.251536e+00 1.426901e+00 2.181462e+02
4.016728e+00 -7.692710e-01 4.842538e+00 4.071505e+00 1.569539e+03
-5.059179e-01 1.857665e-01 4.555102e+00 1.000984e+00 5.026724e-01
3.267538e+00 -1.742745e+00 5.001995e+00 4.088305e+00 1.578124e+03
-4.178610e-01 1.133282e+00 3.757486e+00 1.478763e+00 2.446481e+02
2.432146e+00 2.689315e+00 5.043339e+00 4.087663e+00 1.577796e+03
-3.291859e-01 7.642624e-01 3.290160e+00 1.505513e+00 2.583173e+02
9.596282e-01 -1.682193e+00 4.473057e+00 1.452453e+00 2.312037e+02
-1.737574e-01 3.889381e-01 4.076640e+00 1.000709e+00 3.625048e-01
1.355449e+00 -3.037191e-01 5.565476e+00 1.325954e+00 1.665627e+02
-1.731147e-01 1.021464e+00 4.956429e+00 1.005254e+00 2.684736e+00
1.316302e+00 7.212908e-01 4.926614e+00 4.471870e+00 1.774126e+03
6.513837e-01 -7.251456e-01 5.222313e+00 1.614303e+00 3.139090e+02
-1.305922e+00 -1.684466e-01 5.714423e+00 1.420709e+00 2.149822e+02
2.228094e+00 1.415961e+00 4.950489e+00 4.504918e+00 1.791013e+03
-1.037345e+00 -1.544883e+00 5.573526e+00 1.333668e+00 1.705044e+02
2.078553e+00 1.420945e+00 5.418222e+00 4.462429e+00 1.769301e+03
3.164255e-01 -9.798410e-01 4.151217e+00 1.383209e+00 1.958197e+02
-6.974757e-02 -1.701946e+00 3.868756e+00 1.515782e+00 2.635648e+02
2.850605e-01 2.620887e-01 4.633577e+00 1.001259e+00 6.433901e-01
-7.943653e-01 6.719387e-01 3.506630e+00 1.442216e+00 2.259725e+02
6.979305e-02 1.001642e+00 5.207126e+00 1.378931e+00 1.936339e+02
-1.004916e+00 8.846531e-01 3.402352e+00 1.442659e+00 2.261986e+02
1.761111e-01 1.245959e+00 5.593437e+00 1.485331e+00 2.480041e+02
1.009149e+00 -1.381669e+00 5.173879e+00 1.378952e+00 1.936443e+02
-5.903063e-01 6.575295e-02 5.492390e+00 1.578309e+00 2.955160e+02
-1.251403e+00 -2.052616e+00 4.652807e+00 1.625003e+00 3.193767e+02
-1.161498e+00 1.247086e+00 4.090233e+00 1.453701e+00 2.318414e+02
9.619375e-01 3.772655e-01 4.738293e+00 1.378175e+00 1.932474e+02
1.554176e+00 1.268720e+00 4.463333e+00 4.471022e+00 1.773692e+03
3.383403e-01 -1.279517e+00 5.956138e+00 1.450811e+00 2.303643e+02
2.343322e-01 -1.909751e+00 4.849007e+00 1.360029e+00 1.839747e+02
-1.563153e-01 2.376405e+00 4.958926e+00 4.069273e+00 1.568398e+03
