4.267394e-01 -1.276006e+00 4.644863e+00 1.000002e+00 9.736121e-04
1.676481e+00 1.287281e-01 4.116601e+00 1.000004e+00 1.975480e-03
9.791424e-01 -2.036822e-01 4.782016e+00 1.000001e+00 4.520249e-04
1.109836e+00 -5.690927e-01 6.827570e+00 1.000008e+00 4.330029e-03
-1.064469e+00 -1.792722e+00 4.421782e+00 1.000009e+00 4.517411e-03
9.844600e-01 -9.097847e-01 6.825030e+00 1.000001e+00 4.782051e-04
-4.122604e-01 5.969560e-01 4.532595e+00 1.000001e+00 7.458549e-04
9.160470e-01 1.622673e+00 5.840622e+00 1.000003e+00 1.646711e-03
-8.865524e-01 9.612303e-02 4.001110e+00 1.000002e+00 9.017011e-04
-5.574261e-01 2.639990e-01 6.929779e+00 1.000001e+00 5.413598e-04
-1.216067e+00 -7.914046e-01 4.384940e+00 1.000010e+00 5.319182e-03
5.295626e-01 1.656558e+00 4.866947e+00 1.000009e+00 4.534179e-03
8.549797e-01 5.499464e-01 5.346882e+00 1.000009e+00 4.618341e-03
7.955098e-01 1.388562e-01 3.900622e+00 1.000007e+00 3.762933e-03
-4.641736e-02 -1.509000e+00 4.395626e+00 1.000001e+00 5.492134e-04
-1.395369e-01 -3.287685e-01 4.306199e+00 1.000003e+00 1.346112e-03
-1.478843e+00 9.185590e-01 4.043148e+00 1.000001e+00 5.815024e-04
-8.386221e-01 -7.421267e-02 5.692442e+00 1.000003e+00 1.450220e-03
5.353047e-01 -1.494276e+00 5.244583e+00 1.000005e+00 2.535890e-03
-2.574058e-01 4.178369e-01 4.060886e+00 1.000001e+00 4.970926e-04
1.260304e-01 1.680913e+00 5.145846e+00 1.000006e+00 2.822980e-03
1.145484e+00 6.587722e-01 3.165083e+00 1.000006e+00 3.045832e-03
-1.055375e+00 -1.020048e+00 5.612395e+00 1.000013e+00 6.654268e-03
-1.816534e+00 1.015950e+00 4.545803e+00 1.000010e+00 5.338203e-03
3.305673e-01 5.977237e-01 3.942328e+00 1.000002e+00 1.229197e-03
-2.050567e+00 -3.788256e-01 4.808366e+00 1.000010e+00 5.088065e-03
-4.141573e-01 7.113885e-01 6.998189e+00 1.000002e+00 1.092111e-03
-1.027432e+00 2.055017e-01 6.002444e+00 1.000000e+00 1.645242e-04
-3.984013e-01 -1.305461e+00 5.155374e+00 1.000012e+00 6.287669e-03
6.035462e-02 -1.405512e+00 5.318349e+00 1.000001e+00 3.654855e-04
-2.912843e-01 9.646386e-01 3.039910e+00 1.000002e+00 1.263130e-03
-1.711095e+00 -6.022017e-01 4.907719e+00 1.000001e+00 6.612184e-04
1.083377e+00 -9.981637e-01 5.825787e+00 1.000001e+00 4.056752e-04
-1.523273e+00 -2.724226e-01 6.359045e+00 1.000005e+00 2.528249e-03
4.994721e-01 -9.121605e-02 4.164671e+00 1.000002e+00 8.404149e-04
1.105001e+00 -5.416254e-01 4.832753e+00 1.000003e+00 1.612054e-03
-1.386451e-01 -1.683196e-01 2.898968e+00 1.000011e+00 5.824470e-03
1.557368e-03 -3.423117e-01 2.970647e+00 1.000002e+00 8.408170e-04
8.482323e-01 5.846587e-01 3.570412e+00 1.000002e+00 1.023256e-03
-2.540838e-01 -1.490899e+00 4.153939e+00 1.000003e+00 1.552511e-03
7.063054e-01 -1.568667e+00 5.843355e+00 1.000012e+00 6.081176e-03
-1.275859e-01 1.115031e+00 6.272456e+00 1.000003e+00 1.656234e-03
4.490509e-01 -2.200111e+00 4.881606e+00 1.000011e+00 5.774654e-03
-1.212637e+00 1.084436e+00 6.088787e+00 1.000007e+00 3.407094e-03
2.738080e-01 5.126689e-01 5.684928e+00 1.000001e+00 2.923542e-04
5.952833e-01 6.350187e-01 5.427686e+00 1.000001e+00 7.062471e-04
9.891572e-01 2.003035e-01 4.385094e+00 1.000004e+00 2.159573e-03
2.214238e-02 1.452800e+00 3.949166e+00 1.000002e+00 1.161765e-03
7.357399e-01 -2.500890e-01 4.583582e+00 1.000002e+00 1.212571e-03
2.728396e-01 2.961275e-02 3.952039e+00 1.000004e+00 2.222045e-03
1.117347e+00 -6.682802e-01 5.090552e+00 1.000002e+00 9.681315e-04
-7.074889e-02 1.195560e+00 5.221073e+00 1.000002e+00 9.877858e-04
3.355362e-02 9.620341e-02 3.260324e+00 1.000006e+00 2.898816e-03
-2.266529e-01 1.730468e+00 4.746437e+00 1.000003e+00 1.579778e-03
-6.009295e-01 -1.514286e+00 6.031547e+00 1.000001e+00 7.305252e-04
-1.840229e+00 -3.545050e-01 5.049001e+00 1.000005e+00 2.390199e-03
-3.540517e-01 -1.454364e-01 3.394941e+00 1.000014e+00 6.934740e-03
-5.006769e-01 1.328320e+00 3.839695e+00 1.000002e+00 1.267866e-03
2.747110e-01 -8.769916e-01 6.487692e+00 1.000007e+00 3.445160e-03
-1.745906e+00 -6.400734e-01 4.114189e+00 1.000016e+00 8.210834e-03
2.002725e+00 -6.155819e-01 4.657407e+00 1.000010e+00 5.207557e-03
-1.921418e+00 -5.547965e-01 5.756634e+00 1.000012e+00 6.222296e-03
-6.826735e-01 7.188096e-01 5.225259e+00 1.000000e+00 5.996323e-06
-2.283964e-01 -1.093082e+00 4.183889e+00 1.000009e+00 4.432790e-03
-4.784525e-01 -4.817375e-01 3.895181e+00 1.000004e+00 1.922823e-03
-5.422223e-01 9.529086e-01 4.920867e+00 1.000001e+00 3.087182e-04
-4.444572e-01 -9.254307e-01 3.632271e+00 1.000005e+00 2.541447e-03
-8.710997e-01 1.351021e+00 4.991200e+00 1.000000e+00 1.799907e-04
-9.370195e-01 -1.304239e+00 5.206673e+00 1.000008e+00 4.259467e-03
4.433403e-01 -8.305236e-02 3.927085e+00 1.000003e+00 1.769020e-03
4.941512e-02 -6.681616e-01 3.635433e+00 1.000012e+00 6.140076e-03
-1.114699e-01 5.339399e-01 7.038874e+00 1.000003e+00 1.721087e-03
1.000767e+00 -7.531714e-01 3.347908e+00 1.000003e+00 1.455424e-03
1.925350e-01 1.504419e+00 5.508742e+00 1.000013e+00 6.838659e-03
3.508132e-01 5.638563e-01 6.291376e+00 1.000002e+00 1.041263e-03
-4.667110e-01 -1.518927e+00 6.444211e+00 1.000037e+00 1.899619e-02
-6.918824e-01 2.976370e-01 5.864726e+00 1.000009e+00 4.468903e-03
-1.022695e+00 -1.316145e+00 6.455952e+00 1.000009e+00 4.815659e-03
-4.433571e-01 9.078951e-01 5.815669e+00 1.000002e+00 9.966648e-04
1.139692e+00 1.067946e+00 4.440774e+00 1.000002e+00 1.125035e-03
1.813925e+00 -3.649396e-01 6.041999e+00 1.000002e+00 1.152914e-03
-1.703129e+00 6.128903e-01 4.594960e+00 1.000004e+00 2.229084e-03
3.739651e-01 2.295007e-01 2.781758e+00 1.000005e+00 2.586549e-03
-9.147459e-01 1.784770e+00 4.601930e+00 1.000005e+00 2.417339e-03
5.626662e-01 -4.911335e-01 4.602665e+00 1.000010e+00 5.281455e-03
-5.887567e-01 2.185860e-01 6.985870e+00 1.000000e+00 2.054074e-04
-5.080551e-01 -5.339186e-01 5.038633e+00 1.000005e+00 2.781016e-03
6.956161e-01 8.952779e-01 4.578087e+00 1.000002e+00 1.189526e-03
1.860731e+00 -5.605835e-01 5.570660e+00 1.000001e+00 3.725183e-04
-1.055873e+00 -1.132047e+00 5.804679e+00 1.000003e+00 1.524077e-03
2.808760e-01 1.777704e+00 5.584709e+00 1.000003e+00 1.569047e-03
-1.301690e-01 4.948911e-01 4.834373e+00 1.000014e+00 6.947699e-03
-6.035464e-01 2.365768e-01 4.811732e+00 1.000001e+00 2.716922e-04
6.267360e-01 -4.291013e-01 6.379937e+00 1.000005e+00 2.754681e-03
1.092543e+00 -1.394980e+00 3.704557e+00 1.000005e+00 2.531979e-03
1.540885e-01 -1.499215e+00 5.936475e+00 1.000014e+00 6.936235e-03
-4.010459e-01 1.664812e+00 5.928841e+00 1.000004e+00 2.193049e-03
-6.517886e-01 -1.215767e-02 4.184624e+00 1.000017e+00 8.780741e-03
9.831292e-01 1.820775e+00 5.088770e+00 1.000006e+00 2.881554e-03
1.094575e-04 1.005075e-03 5.000000e+00 1.000000e+00 1.228606e-05
3.510530e-01 2.067965e+00 5.136071e+00 1.000010e+00 4.966087e-03
1.511427e+00 -1.183453e+00 4.107955e+00 1.000009e+00 4.569814e-03
1.522301e+00 1.036778e-01 5.292343e+00 1.000007e+00 3.439950e-03
1.060664e+00 1.616946e+00 4.364802e+00 1.000002e+00 1.037577e-03
-4.292485e-02 2.107813e-01 7.214717e+00 1.000005e+00 2.662672e-03
-8.796400e-01 -1.014212e+00 5.435580e+00 1.000001e+00 7.184789e-04
-1.741741e+00 5.733801e-01 5.664633e+00 1.000018e+00 9.160431e-03
-5.740192e-01 9.128813e-01 5.924032e+00 1.000004e+00 1.829858e-03
-6.513640e-02 3.180061e-01 6.669666e+00 1.000009e+00 4.822636e-03
7.028903e-01 1.148075e+00 5.143992e+00 1.000005e+00 2.318570e-03
4.814947e-02 -2.802421e-01 4.087292e+00 1.000010e+00 4.980269e-03
-1.816521e+00 -3.948638e-01 4.904567e+00 1.000004e+00 2.092933e-03
3.586409e-02 1.978600e+00 3.947034e+00 1.000003e+00 1.296862e-03
-1.094216e+00 -7.457968e-01 6.348199e+00 1.000005e+00 2.441194e-03
-8.658032e-01 1.725447e+00 4.207052e+00 1.000003e+00 1.561925e-03
-1.681030e+00 -4.885827e-01 4.568441e+00 1.000002e+00 1.134315e-03
1.847267e-01 1.160597e-01 5.989812e+00 1.000003e+00 1.723162e-03
-1.828404e+00 -1.272840e-02 5.356373e+00 1.000015e+00 7.513575e-03
-3.916010e-01 -3.136523e-02 6.234853e+00 1.000002e+00 1.009089e-03
3.272241e-01 -1.325022e+00 4.988377e+00 1.000002e+00 9.726213e-04
-1.805612e-01 -6.632882e-01 4.040260e+00 1.000005e+00 2.677344e-03
2.024181e-01 1.891906e+00 4.361178e+00 1.000006e+00 3.167784e-03
1.388981e+00 1.226504e+00 4.772092e+00 1.000027e+00 1.375930e-02
1.392951e+00 1.020245e+00 6.001689e+00 1.000005e+00 2.325939e-03
-9.926435e-01 2.381693e-01 3.201210e+00 1.000001e+00 5.021079e-04
8.615229e-01 -4.959340e-02 3.624334e+00 1.000012e+00 5.973830e-03
1.501436e+00 4.312547e-01 6.097880e+00 1.000002e+00 9.135251e-04
-1.319253e-01 -7.757052e-01 4.374657e+00 1.000001e+00 3.931839e-04
9.449579e-01 -1.026284e+00 4.098458e+00 1.000017e+00 8.527114e-03
4.473582e-01 6.166605e-01 4.486532e+00 1.000001e+00 6.573203e-04
-1.216777e+00 -8.525950e-01 4.998553e+00 1.000003e+00 1.465810e-03
-4.879851e-01 1.778206e-01 6.964240e+00 1.000002e+00 1.191060e-03
1.049276e+00 -1.717493e+00 4.579913e+00 1.000009e+00 4.488673e-03
7.828212e-01 -2.407339e-02 6.139068e+00 1.000002e+00 1.168540e-03
6.121372e-01 1.165696e+00 5.649831e+00 1.000008e+00 4.138254e-03
-3.830066e-01 9.019408e-01 3.068030e+00 1.000003e+00 1.738774e-03
-8.976523e-01 1.499102e+00 5.913995e+00 1.000003e+00 1.533940e-03
4.859388e-02 -8.156599e-01 5.589824e+00 1.000007e+00 3.354888e-03
-8.880737e-01 -1.435380e+00 5.736576e+00 1.000004e+00 2.088374e-03
-7.131628e-01 1.650296e+00 5.667886e+00 1.000008e+00 4.225233e-03
-9.699038e-01 -6.210016e-01 5.913948e+00 1.000005e+00 2.462176e-03
-1.046523e+00 1.165216e+00 4.329544e+00 1.000007e+00 3.371773e-03
-3.675815e-01 -8.097863e-01 5.550452e+00 1.000002e+00 1.178118e-03
-4.010832e-02 -1.535726e+00 4.137966e+00 1.000003e+00 1.331162e-03
3.141496e-01 1.828472e+00 4.421282e+00 1.000005e+00 2.373061e-03
6.896212e-01 -9.995720e-01 6.883018e+00 1.000000e+00 2.559698e-05
6.392253e-01 3.136168e-01 3.332038e+00 1.000007e+00 3.338069e-03
1.022838e+00 -1.648659e+00 5.282643e+00 1.000001e+00 6.196958e-04
-7.851324e-02 1.182735e+00 3.991198e+00 1.000002e+00 1.097978e-03
1.546137e+00 -1.607341e+00 5.242913e+00 1.000010e+00 5.278277e-03
3.296048e-03 7.227912e-01 3.765201e+00 1.000008e+00 4.032877e-03
1.822879e+00 -1.128259e+00 4.893134e+00 1.000003e+00 1.487222e-03
5.628758e-01 -1.367662e+00 3.406214e+00 1.000003e+00 1.294658e-03
-1.103417e+00 1.421763e+00 6.264290e+00 1.000004e+00 2.126086e-03
-3.209041e-01 1.826521e+00 5.993990e+00 1.000009e+00 4.464788e-03
1.245768e+00 1.394879e-01 3.818540e+00 1.000005e+00 2.726845e-03
-1.349400e+00 -5.591606e-01 5.497792e+00 1.000005e+00 2.486354e-03
1.083284e-01 9.966449e-01 5.935329e+00 1.000000e+00 2.546416e-04
-9.430103e-01 7.159882e-03 3.771282e+00 1.000010e+00 5.055708e-03
1.406301e+00 1.176878e+00 4.025830e+00 1.000011e+00 5.647393e-03
1.046282e+00 -5.775148e-01 3.781268e+00 1.000003e+00 1.682266e-03
-1.836014e+00 -2.340949e-01 4.891269e+00 1.000002e+00 9.225855e-04
3.176591e-01 1.759048e+00 4.001664e+00 1.000005e+00 2.809320e-03
2.143474e-01 -1.005071e+00 5.356851e+00 1.000001e+00 5.974417e-04
1.807840e+00 6.552784e-01 4.499726e+00 1.000002e+00 1.023009e-03
-1.211528e+00 1.549837e+00 5.016038e+00 1.000010e+00 5.297482e-03
4.562869e-01 9.153033e-01 5.925989e+00 1.000004e+00 2.253534e-03
-1.644576e-01 -1.343027e+00 5.104402e+00 1.000006e+00 3.257154e-03
1.649381e+00 7.236684e-01 6.028940e+00 1.000005e+00 2.786461e-03
-2.343792e-02 1.776386e+00 4.903666e+00 1.000005e+00 2.618848e-03
-6.576860e-01 5.956453e-01 5.206253e+00 1.000001e+00 7.326311e-04
1.114181e+00 -9.813132e-01 6.199776e+00 1.000004e+00 1.902341e-03
-9.931892e-01 1.679922e+00 5.692380e+00 1.000001e+00 3.915901e-04
-3.738926e-01 -7.043305e-01 2.955338e+00 1.000000e+00 1.309893e-04
-1.189364e+00 5.206209e-01 5.450997e+00 1.000007e+00 3.608152e-03
1.001039e+00 -6.783739e-01 4.174414e+00 1.000010e+00 4.946655e-03
-7.181360e-02 -3.732326e-01 4.885892e+00 1.000005e+00 2.579428e-03
-1.066449e+00 -7.262713e-01 5.281566e+00 1.000002e+00 1.191677e-03
-5.649050e-01 -1.133529e+00 5.601183e+00 1.000001e+00 6.783246e-04
-1.122238e+00 1.009540e+00 5.331442e+00 1.000006e+00 3.000354e-03
4.401528e-01 -4.156645e-01 5.653250e+00 1.000002e+00 8.026739e-04
7.372105e-02 1.330099e+00 5.190700e+00 1.000001e+00 3.360190e-04
-8.892858e-01 5.011214e-01 5.823225e+00 1.000010e+00 4.995086e-03
1.173202e+00 9.465688e-01 6.511743e+00 1.000002e+00 8.290924e-04
-1.143539e+00 2.609690e-01 4.484516e+00 1.000009e+00 4.539367e-03
8.443007e-01 7.683822e-02 5.635906e+00 1.000008e+00 4.279753e-03
-2.161642e-02 1.772456e-02 5.099360e+00 1.000001e+00 7.647642e-04
-6.693102e-01 7.987179e-01 6.596032e+00 1.000001e+00 4.587223e-04
5.012063e-01 1.738448e+00 4.433311e+00 1.000005e+00 2.388520e-03
2.849981e-01 -4.660509e-01 4.746300e+00 1.000011e+00 5.487944e-03
1.452938e+00 4.150680e-01 6.285378e+00 1.000005e+00 2.770249e-03
-9.443932e-01 -6.879917e-01 4.085388e+00 1.000002e+00 1.214895e-03
1.023546e+00 1.503651e+00 5.942228e+00 1.000007e+00 3.790221e-03
-3.741133e-01 -1.027456e+00 6.110525e+00 1.000001e+00 5.981780e-04
5.765204e-02 -3.225961e-01 3.342896e+00 1.000003e+00 1.324065e-03
2.489535e-01 -2.116371e+00 4.428385e+00 1.000004e+00 2.108753e-03
-4.093245e-01 3.617389e-01 7.165895e+00 1.000016e+00 8.178175e-03
-8.035074e-02 1.767299e-01 5.337523e+00 1.000007e+00 3.339603e-03
-7.671172e-01 -1.298369e+00 4.474428e+00 1.000003e+00 1.776439e-03
-1.179680e+00 7.997366e-01 5.255404e+00 1.000004e+00 2.248092e-03
1.193113e+00 -1.581508e+00 4.206866e+00 1.000005e+00 2.628346e-03
-7.986297e-01 1.594672e+00 4.191778e+00 1.000013e+00 6.885177e-03
1.814840e+00 -9.281161e-01 4.252255e+00 1.000003e+00 1.511473e-03
-3.537149e-01 -1.448700e-01 6.169862e+00 1.000001e+00 5.723079e-04
-8.288214e-01 1.041679e+00 6.652639e+00 1.000003e+00 1.420385e-03
-8.439133e-01 -1.159122e+00 5.691338e+00 1.000009e+00 4.531555e-03
9.629418e-01 -5.630539e-01 6.590245e+00 1.000005e+00 2.701196e-03
-1.145676e+00 1.191339e+00 6.505177e+00 1.000005e+00 2.777381e-03
9.006995e-01 8.743289e-01 6.866219e+00 1.000002e+00 8.781144e-04
-8.618500e-02 -8.088672e-01 5.260736e+00 1.000003e+00 1.401803e-03
7.242519e-02 -6.592172e-01 2.907328e+00 1.000006e+00 3.013253e-03
-1.121631e+00 1.910191e+00 5.333987e+00 1.000009e+00 4.801357e-03
1.498839e-02 2.564502e-01 6.920107e+00 1.000004e+00 2.084607e-03
5.361725e-01 1.572799e+00 5.267670e+00 1.000008e+00 4.159847e-03
-4.171229e-01 -1.120224e-01 5.048301e+00 1.000002e+00 9.161892e-04
6.667629e-01 -1.635046e-01 6.977517e+00 1.000003e+00 1.578545e-03
5.392352e-01 1.645264e-02 6.649647e+00 1.000006e+00 3.223727e-03
1.086253e+00 -1.657358e+00 5.758931e+00 1.000006e+00 3.318303e-03
9.564478e-01 1.417957e+00 5.671193e+00 1.000000e+00 9.955031e-05
1.399818e+00 7.800854e-01 5.684951e+00 1.000002e+00 1.130378e-03
1.861956e+00 7.862622e-01 4.942915e+00 1.000001e+00 5.907371e-04
5.433963e-01 -1.229519e-01 4.593717e+00 1.000005e+00 2.593947e-03
2.297145e-02 -2.574363e-01 3.019751e+00 1.000002e+00 1.275937e-03
-1.745046e-01 1.183386e+00 3.661988e+00 1.000017e+00 8.716468e-03
8.235829e-01 -8.299307e-01 3.218087e+00 1.000001e+00 4.927491e-04
1.103033e+00 3.712490e-01 3.447052e+00 1.000000e+00 1.048966e-04
8.255963e-01 -2.097002e-01 3.323732e+00 1.000006e+00 3.182136e-03
1.143190e+00 -8.515711e-01 3.292753e+00 1.000008e+00 4.137118e-03
4.037945e-01 1.374941e+00 6.168275e+00 1.000013e+00 6.813399e-03
8.729406e-01 1.082455e+00 5.759509e+00 1.000003e+00 1.573951e-03
-2.433812e-01 1.380866e+00 3.370591e+00 1.000010e+00 5.287141e-03
1.853582e-01 8.025947e-01 3.360672e+00 1.000014e+00 7.286198e-03
6.016993e-01 6.574274e-02 3.234777e+00 1.000006e+00 2.890122e-03
-1.562081e+00 1.254116e+00 6.012540e+00 1.000027e+00 1.363523e-02
4.475051e-01 1.598693e+00 5.330285e+00 1.000002e+00 9.613955e-04
5.606891e-01 -6.896856e-01 2.936096e+00 1.000002e+00 1.176069e-03
6.221476e-01 -2.100946e+00 5.477892e+00 1.000002e+00 1.015196e-03
6.711117e-01 4.791439e-01 3.357499e+00 1.000000e+00 4.218900e-05
1.144941e-01 -8.704992e-02 6.377197e+00 1.000009e+00 4.621582e-03
1.170297e+00 -1.252718e+00 5.238184e+00 1.000020e+00 1.020014e-02
-1.281859e+00 -9.657494e-01 4.462801e+00 1.000005e+00 2.639374e-03
4.451537e-01 4.671494e-01 4.334535e+00 1.000023e+00 1.160656e-02
-1.670977e+00 9.342227e-01 5.136417e+00 1.000003e+00 1.318935e-03
1.352481e+00 -8.237323e-02 4.379407e+00 1.000001e+00 4.484929e-04
9.624879e-03 1.253417e+00 3.770475e+00 1.000003e+00 1.779639e-03
-1.282905e-01 -1.686107e+00 3.891653e+00 1.000002e+00 1.115642e-03
1.166157e+00 -1.803191e+00 4.890149e+00 1.000013e+00 6.404404e-03
6.977667e-01 1.275911e+00 3.329915e+00 1.000002e+00 1.222131e-03
1.401334e+00 -7.010644e-01 3.992792e+00 1.000006e+00 3.278321e-03
8.793554e-01 1.031945e+00 6.133286e+00 1.000017e+00 8.931063e-03
-8.694905e-01 2.271880e-01 6.253128e+00 1.000006e+00 2.921933e-03
3.518131e-01 -1.548036e+00 3.753114e+00 1.000000e+00 1.660551e-04
-8.251196e-01 -1.691943e+00 5.113274e+00 1.000015e+00 7.431676e-03
8.601824e-01 1.423115e+00 5.167666e+00 1.000002e+00 1.155663e-03
2.095404e-02 1.777294e+00 3.691041e+00 1.000008e+00 4.156994e-03
-1.055480e+00 -1.384908e+00 4.677997e+00 1.000015e+00 7.562556e-03
-9.188034e-01 1.273604e+00 5.847550e+00 1.000002e+00 1.137957e-03
1.352729e+00 -1.200372e+00 5.241149e+00 1.000003e+00 1.382799e-03
9.647088e-01 1.134197e-02 7.020785e+00 1.000002e+00 1.135830e-03
-1.422478e+00 -7.328361e-01 5.729226e+00 1.000002e+00 9.208756e-04
-1.380598e+00 -2.179699e-01 6.595777e+00 1.000006e+00 3.228252e-03
3.738478e-01 -2.129992e-01 2.956798e+00 1.000010e+00 5.147227e-03
2.146940e+00 5.514919e-01 4.543903e+00 1.000006e+00 3.046009e-03
2.552008e-01 1.122653e+00 3.987304e+00 1.000005e+00 2.316572e-03
5.955237e-01 -2.865826e-01 3.777008e+00 1.000001e+00 3.432129e-04
-4.603301e-01 -1.588866e+00 5.868226e+00 1.000009e+00 4.590777e-03
1.916524e+00 -1.729561e-01 4.909601e+00 1.000001e+00 6.078051e-04
1.509337e+00 1.408367e-01 4.896989e+00 1.000008e+00 4.209513e-03
7.065163e-01 1.948683e+00 4.514118e+00 1.000003e+00 1.321670e-03
8.235184e-01 7.354282e-01 3.033547e+00 1.000003e+00 1.513088e-03
6.126931e-01 -1.392405e+00 6.247053e+00 1.000002e+00 8.509604e-04
-6.731299e-01 -1.397923e+00 4.304545e+00 1.000011e+00 5.612690e-03
1.585163e+00 -2.000177e-01 5.594506e+00 1.000001e+00 4.785204e-04
7.719584e-01 2.045362e+00 5.108645e+00 1.000005e+00 2.524322e-03
5.098727e-01 -8.555671e-01 6.996217e+00 1.000003e+00 1.485731e-03
1.115759e+00 -5.877261e-01 4.807681e+00 1.000001e+00 7.543952e-04
-6.753790e-01 -3.580317e-01 6.175600e+00 1.000003e+00 1.428829e-03
-1.330402e+00 1.406773e+00 5.980422e+00 1.000002e+00 9.126358e-04
5.270250e-01 7.987544e-01 3.626563e+00 1.000017e+00 8.610136e-03
-1.240300e+00 -8.572871e-01 5.411663e+00 1.000004e+00 2.229789e-03
-8.169890e-01 7.271184e-01 5.261919e+00 1.000001e+00 5.667214e-04
2.089778e-01 -1.259596e+00 5.055641e+00 1.000006e+00 3.241153e-03
-2.742779e-01 1.366490e+00 3.590620e+00 1.000008e+00 3.947952e-03
-8.559906e-01 -4.094189e-01 3.772881e+00 1.000006e+00 3.270647e-03
4.431571e-01 -2.855368e-01 4.303223e+00 1.000010e+00 5.021033e-03
-4.094741e-01 7.947845e-01 5.581753e+00 1.000005e+00 2.649995e-03
1.379484e+00 -1.218270e+00 4.745861e+00 1.000010e+00 4.869418e-03
-1.468970e-01 -2.000259e+00 4.434122e+00 1.000003e+00 1.405288e-03
-1.424456e+00 -9.027662e-01 6.423183e+00 1.000002e+00 1.083490e-03
5.036776e-01 3.538743e-01 5.756702e+00 1.000009e+00 4.359818e-03
1.248911e+00 -6.022250e-01 5.720089e+00 1.000003e+00 1.503596e-03
1.394736e+00 8.828752e-01 5.610075e+00 1.000005e+00 2.429428e-03
8.616287e-01 -1.273246e+00 6.243322e+00 1.000004e+00 2.101498e-03
-1.828083e-01 -1.605256e+00 4.446413e+00 1.000003e+00 1.285715e-03
6.799775e-01 1.380425e+00 6.240886e+00 1.000006e+00 2.948916e-03
8.927549e-01 -8.448185e-01 3.099205e+00 1.000000e+00 2.023061e-04
-9.373574e-01 7.328454e-01 5.922957e+00 1.000000e+00 1.980698e-04
-1.296000e+00 -4.243645e-01 5.938604e+00 1.000007e+00 3.420957e-03
1.898711e-01 1.518206e+00 4.823958e+00 1.000003e+00 1.397311e-03
-1.464380e+00 2.528330e-02 4.326199e+00 1.000004e+00 2.022233e-03
1.673316e+00 1.353698e+00 5.529788e+00 1.000009e+00 4.492942e-03
1.171621e+00 -6.883149e-01 5.257931e+00 1.000014e+00 7.078695e-03
1.143155e+00 1.604946e-01 6.715730e+00 1.000005e+00 2.357024e-03
-1.386655e+00 -9.688069e-01 5.465483e+00 1.000006e+00 2.826122e-03
7.517359e-01 -5.920507e-01 3.063865e+00 1.000001e+00 2.813260e-04
2.067581e+00 -9.941943e-02 5.722284e+00 1.000005e+00 2.655324e-03
1.346988e+00 2.986043e-01 3.413206e+00 1.000001e+00 6.911365e-04
1.377519e+00 1.561865e+00 4.955930e+00 1.000007e+00 3.780439e-03
6.180441e-01 7.103598e-01 2.961734e+00 1.000001e+00 4.232215e-04
2.972358e-02 6.630111e-01 6.812818e+00 1.000018e+00 9.234235e-03
2.819366e-01 -4.985691e-01 6.235808e+00 1.000008e+00 4.006578e-03
-1.445895e+00 -2.753883e-01 4.522322e+00 1.000001e+00 5.190050e-04
-1.182770e+00 1.482585e+00 6.187325e+00 1.000006e+00 3.004010e-03
3.564222e-01 4.783484e-01 3.093647e+00 1.000003e+00 1.304197e-03
-2.204311e-01 -4.078808e-01 5.923578e+00 1.000009e+00 4.442845e-03
-4.492739e-01 2.153590e+00 5.005809e+00 1.000002e+00 1.200802e-03
6.645314e-01 -1.505113e+00 3.692558e+00 1.000001e+00 5.332262e-04
4.784121e-02 -3.973537e-01 3.842261e+00 1.000011e+00 5.516851e-03
-1.473712e+00 3.255969e-01 6.178016e+00 1.000001e+00 4.853574e-04
-9.050772e-01 -6.155993e-01 3.482369e+00 1.000001e+00 4.581352e-04
5.082473e-01 -1.105075e+00 4.195338e+00 1.000004e+00 2.203907e-03
-5.423216e-01 6.192566e-01 3.740932e+00 1.000014e+00 7.300696e-03
1.404661e+00 1.367266e+00 5.013369e+00 1.000000e+00 2.082282e-04
-1.543822e+00 -5.234442e-02 4.809236e+00 1.000013e+00 6.896673e-03
-1.388882e+00 7.850910e-01 3.402421e+00 1.000003e+00 1.579341e-03
8.388276e-01 2.680907e-01 3.650096e+00 1.000001e+00 4.103515e-04
-9.045545e-01 -7.126596e-01 3.952541e+00 1.000001e+00 6.663212e-04
8.880668e-01 -1.278351e+00 4.469816e+00 1.000003e+00 1.310977e-03
-1.573556e+00 1.122785e+00 5.657461e+00 1.000012e+00 6.375584e-03
-4.922316e-01 3.496886e-01 5.457444e+00 1.000026e+00 1.337244e-02
2.509073e-01 7.699285e-01 3.229752e+00 1.000007e+00 3.322464e-03
-1.832570e+00 -2.487572e-01 6.133434e+00 1.000011e+00 5.716291e-03
1.743961e-01 -3.760952e-01 5.356549e+00 1.000009e+00 4.368020e-03
2.447077e-02 -1.677180e-01 3.285687e+00 1.000003e+00 1.536544e-03
-4.052918e-01 6.666865e-01 4.446594e+00 1.000002e+00 8.102622e-04
-5.446584e-01 -1.315161e+00 4.352853e+00 1.000002e+00 1.253458e-03
1.631175e+00 -7.183579e-01 6.018530e+00 1.000016e+00 7.928772e-03
1.705447e+00 -7.031584e-01 5.371530e+00 1.000004e+00 2.131290e-03
2.115025e-01 2.024678e+00 5.666670e+00 1.000005e+00 2.745904e-03
1.852096e+00 1.866542e-01 5.292809e+00 1.000016e+00 8.344036e-03
-2.279631e-02 -5.964706e-02 4.261829e+00 1.000001e+00 3.614267e-04
-4.555279e-01 1.221674e+00 6.565196e+00 1.000002e+00 1.074502e-03
4.112867e-01 -2.347874e-01 3.330556e+00 1.000002e+00 1.206205e-03
-4.609814e-01 -8.900952e-01 3.411000e+00 1.000001e+00 4.168423e-04
2.922546e-01 4.128990e-01 4.792395e+00 1.000003e+00 1.379786e-03
9.631204e-01 -1.687113e+00 5.655014e+00 1.000003e+00 1.448091e-03
1.760267e-01 -1.388652e+00 6.501801e+00 1.000001e+00 3.630226e-04
1.111292e+00 -1.512959e+00 5.377407e+00 1.000004e+00 1.920015e-03
-6.915020e-01 -2.056651e+00 5.526113e+00 1.000009e+00 4.373701e-03
1.826541e+00 -9.981041e-01 5.890473e+00 1.000004e+00 2.258877e-03
1.841593e+00 -2.172136e-04 5.582222e+00 1.000002e+00 9.043709e-04
1.684963e+00 7.428816e-01 4.215344e+00 1.000002e+00 9.588338e-04
1.714723e+00 7.430911e-01 4.867987e+00 1.000002e+00 8.530536e-04
5.320826e-02 1.629712e-01 7.127205e+00 1.000008e+00 3.883815e-03
-5.498754e-01 3.970090e-01 3.240599e+00 1.000002e+00 9.185508e-04
-3.222043e-01 -1.596429e+00 5.824784e+00 1.000011e+00 5.847695e-03
-2.937401e-01 1.035314e+00 5.642558e+00 1.000002e+00 1.173766e-03
1.055313e+00 1.181736e+00 3.778598e+00 1.000005e+00 2.401702e-03
-2.952772e-01 2.024791e+00 5.190908e+00 1.000005e+00 2.710333e-03
-1.043600e+00 8.240140e-01 3.620866e+00 1.000007e+00 3.674432e-03
-1.351333e-01 1.744667e+00 6.178140e+00 1.000001e+00 4.842462e-04
-1.621698e-01 1.244039e+00 5.000190e+00 1.000005e+00 2.780300e-03
3.317588e-01 3.212100e-01 7.145149e+00 1.000009e+00 4.690264e-03
-1.626500e+00 -5.090842e-01 4.425105e+00 1.000003e+00 1.442633e-03
1.610836e+00 4.326064e-01 5.242099e+00 1.000008e+00 4.160692e-03
-5.278291e-01 -1.009485e+00 3.405828e+00 1.000005e+00 2.557323e-03
2.351392e-01 -9.813877e-01 5.267518e+00 1.000010e+00 5.274414e-03
4.556190e-01 7.974237e-01 6.203943e+00 1.000008e+00 4.084015e-03
-8.727948e-01 1.969486e+00 5.314222e+00 1.000002e+00 1.267921e-03
1.502694e+00 -4.319164e-01 5.021899e+00 1.000006e+00 3.206300e-03
-1.532022e+00 -1.314845e+00 4.179781e+00 1.000010e+00 4.881390e-03
-1.956979e+00 -3.234470e-01 4.709358e+00 1.000005e+00 2.419854e-03
5.241476e-01 9.071942e-01 5.918357e+00 1.000008e+00 4.223012e-03
-1.390184e-01 6.030108e-01 5.644454e+00 1.000005e+00 2.490231e-03
8.175043e-01 1.536142e+00 4.497845e+00 1.000004e+00 2.156735e-03
-3.195603e-01 -4.699990e-01 5.332430e+00 1.000010e+00 5.232231e-03
-6.169107e-01 -1.499771e+00 3.485493e+00 1.000005e+00 2.692817e-03
1.956579e+00 4.164897e-01 6.046424e+00 1.000012e+00 5.915843e-03
2.347162e-01 -1.172468e+00 3.786487e+00 1.000005e+00 2.589235e-03
-1.506772e+00 5.874642e-01 5.824651e+00 1.000009e+00 4.469517e-03
-1.224478e+00 -1.492749e+00 4.543576e+00 1.000003e+00 1.341643e-03
-3.309468e-01 1.603097e+00 4.167757e+00 1.000007e+00 3.831030e-03
-1.539652e+00 -3.395357e-01 3.450112e+00 1.000005e+00 2.378179e-03
6.300688e-01 2.239309e-01 6.869610e+00 1.000021e+00 1.059653e-02
-4.822057e-01 1.121270e-01 6.098852e+00 1.000004e+00 1.929885e-03
5.413076e-01 1.363301e+00 3.373440e+00 1.000012e+00 6.058021e-03
1.159252e+00 1.743388e+00 5.189139e+00 1.000007e+00 3.583488e-03
6.249695e-01 1.046661e+00 3.769423e+00 1.000005e+00 2.672234e-03
3.111175e-01 1.355062e+00 3.338343e+00 1.000002e+00 1.184044e-03
9.168046e-01 9.896901e-03 6.767845e+00 1.000001e+00 4.997335e-04
1.285954e+00 -8.078502e-01 4.028087e+00 1.000004e+00 2.123606e-03
1.413645e+00 -7.257520e-03 5.401782e+00 1.000011e+00 5.668058e-03
-1.442675e+00 6.265050e-01 6.264912e+00 1.000006e+00 2.956608e-03
6.668658e-01 -1.221717e+00 5.037579e+00 1.000004e+00 2.217285e-03
-1.739243e+00 -1.172048e+00 5.416939e+00 1.000007e+00 3.348913e-03
1.409303e-01 5.425940e-01 5.818610e+00 1.000007e+00 3.519558e-03
9.426504e-01 1.149312e+00 3.985662e+00 1.000000e+00 2.215537e-04
-1.362505e+00 8.222786e-01 4.462904e+00 1.000001e+00 6.913905e-04
-5.996572e-01 5.953949e-01 3.845036e+00 1.000011e+00 5.524308e-03
1.255220e-01 2.735982e-01 3.747595e+00 1.000001e+00 6.198574e-04
7.812457e-01 5.486736e-01 5.705286e+00 1.000001e+00 7.061044e-04
1.764817e+00 8.065364e-01 5.652446e+00 1.000001e+00 4.749226e-04
8.787044e-01 7.013504e-01 5.118725e+00 1.000005e+00 2.584848e-03
-8.999933e-01 2.211277e-01 3.533418e+00 1.000005e+00 2.341723e-03
-1.186337e+00 -9.511113e-02 5.896727e+00 1.000001e+00 4.535513e-04
-2.918872e-01 1.190126e+00 4.472657e+00 1.000002e+00 1.230603e-03
-1.067489e+00 7.276140e-01 4.771939e+00 1.000002e+00 1.203624e-03
4.969601e-01 4.233331e-01 5.665369e+00 1.000003e+00 1.737243e-03
1.667543e+00 -1.242954e+00 5.867028e+00 1.000005e+00 2.646113e-03
1.243374e-01 -2.083677e+00 5.086663e+00 1.000006e+00 3.052194e-03
3.870510e-01 -8.167748e-01 4.359885e+00 1.000008e+00 3.953188e-03
-1.309698e+00 -9.402217e-02 4.137980e+00 1.000007e+00 3.392841e-03
4.535222e-01 1.132870e+00 6.188522e+00 1.000006e+00 3.154689e-03
-1.239644e+00 -1.166561e+00 5.113198e+00 1.000009e+00 4.446588e-03
3.634136e-01 1.925150e+00 3.938911e+00 1.000006e+00 3.195898e-03
2.196258e+00 -1.312149e-01 5.411718e+00 1.000003e+00 1.695582e-03
9.962698e-01 1.667915e+00 5.323485e+00 1.000004e+00 1.888132e-03
1.884470e+00 5.010622e-01 5.665877e+00 1.000001e+00 3.681947e-04
-1.038536e-01 -1.024350e-01 5.069735e+00 1.000006e+00 3.004499e-03
2.209140e-01 4.511430e-01 5.012147e+00 1.000005e+00 2.768782e-03
7.166895e-01 -1.950649e+00 4.089964e+00 1.000010e+00 4.921465e-03
7.755515e-01 -1.702219e+00 6.247963e+00 1.000021e+00 1.069291e-02
4.097401e-01 9.129438e-01 6.531455e+00 1.000010e+00 5.081777e-03
-1.458620e+00 -1.324141e+00 5.623674e+00 1.000003e+00 1.739156e-03
1.289220e+00 -8.040503e-01 6.071223e+00 1.000003e+00 1.569191e-03
8.909152e-01 5.725560e-01 3.975797e+00 1.000013e+00 6.744669e-03
-2.151088e+00 -5.752914e-01 4.682007e+00 1.000007e+00 3.627003e-03
7.975895e-01 1.337020e+00 6.236050e+00 1.000015e+00 7.491762e-03
6.343881e-01 -1.584586e+00 5.230278e+00 1.000002e+00 9.169916e-04
-1.599675e+00 -1.235701e+00 5.499830e+00 1.000014e+00 7.201570e-03
-1.972876e+00 1.431448e-02 4.749880e+00 1.000013e+00 6.472666e-03
-9.811823e-01 -4.256451e-01 3.755879e+00 1.000001e+00 5.246571e-04
-1.668196e+00 -9.354573e-01 3.841893e+00 1.000002e+00 1.069378e-03
2.176295e-01 -1.834338e-01 5.893984e+00 1.000001e+00 2.624418e-04
9.951115e-01 -1.419228e+00 4.216029e+00 1.000001e+00 6.848260e-04
-3.701111e-01 1.933320e-01 4.110455e+00 1.000004e+00 2.183903e-03
1.190804e+00 -1.597272e+00 5.909511e+00 1.000003e+00 1.749972e-03
5.750709e-01 1.044647e+00 6.320340e+00 1.000003e+00 1.734126e-03
1.938836e-01 -1.279698e+00 5.270027e+00 1.000004e+00 2.161579e-03
7.541623e-01 -1.010975e+00 5.372495e+00 1.000017e+00 8.884265e-03
-1.178697e+00 -6.521519e-01 6.432171e+00 1.000006e+00 3.091636e-03
5.624742e-01 4.336805e-01 6.472486e+00 1.000008e+00 4.095219e-03
5.716518e-01 -3.033269e-01 4.588687e+00 1.000006e+00 2.880169e-03
8.732552e-01 -3.381480e-01 6.074676e+00 1.000009e+00 4.629801e-03
7.172142e-01 1.032205e-01 5.850073e+00 1.000002e+00 1.086172e-03
-1.749649e+00 8.334364e-01 5.525401e+00 1.000006e+00 3.119178e-03
-5.303825e-01 2.721717e-01 7.165996e+00 1.000010e+00 5.266194e-03
-2.499847e-01 1.078377e+00 4.390922e+00 1.000020e+00 1.011071e-02
1.017224e+00 4.542651e-01 3.985683e+00 1.000002e+00 8.395032e-04
-3.549645e-01 1.895184e+00 3.802176e+00 1.000014e+00 7.006768e-03
1.593057e+00 8.966512e-01 5.406977e+00 1.000000e+00 2.348316e-04
7.480958e-02 -5.877053e-02 3.344175e+00 1.000010e+00 4.868154e-03
2.901391e-01 -1.912632e+00 4.395621e+00 1.000001e+00 7.410702e-04
1.524210e+00 -4.012013e-01 6.585402e+00 1.000003e+00 1.515536e-03
5.019495e-01 -1.271764e+00 4.279112e+00 1.000002e+00 8.025342e-04
-4.856035e-03 4.495083e-01 2.813914e+00 1.000013e+00 6.531267e-03
-1.087055e+00 1.129444e+00 3.599458e+00 1.000011e+00 5.620523e-03
9.598134e-01 -6.485571e-01 6.421121e+00 1.000005e+00 2.499426e-03
-8.116018e-01 -2.993853e-01 5.723599e+00 1.000004e+00 1.907404e-03
2.039315e+00 5.106916e-01 4.383056e+00 1.000004e+00 2.251925e-03
-2.166693e-01 -1.607236e-01 5.340034e+00 1.000006e+00 3.131214e-03
-1.049788e+00 -6.091345e-01 6.044152e+00 1.000006e+00 3.044700e-03
-7.303545e-01 1.723650e-01 5.775001e+00 1.000005e+00 2.796130e-03
1.234853e+00 5.436866e-01 6.252480e+00 1.000003e+00 1.768051e-03
1.400832e+00 1.216113e+00 5.152412e+00 1.000001e+00 4.823410e-04
1.170118e+00 1.051611e+00 5.112475e+00 1.000005e+00 2.330679e-03
-3.860099e-01 2.139340e-01 3.926649e+00 1.000009e+00 4.607041e-03
-1.834633e+00 1.293499e+00 5.318780e+00 1.000009e+00 4.497790e-03
-8.481796e-01 -2.958836e-01 6.208736e+00 1.000011e+00 5.533279e-03
3.971257e-01 -9.424430e-02 6.973587e+00 1.000000e+00 2.464919e-04
-2.032117e+00 9.225242e-01 5.166978e+00 1.000006e+00 3.303167e-03
-7.546748e-01 -1.285413e+00 3.360971e+00 1.000002e+00 7.695920e-04
-5.664441e-01 6.886752e-01 3.377272e+00 1.000003e+00 1.497909e-03
3.271085e-01 1.117167e+00 4.643848e+00 1.000012e+00 6.026332e-03
4.104140e-01 9.504943e-01 3.822314e+00 1.000018e+00 9.443585e-03
-8.159434e-02 -1.111918e+00 5.782315e+00 1.000010e+00 5.036278e-03
-3.205356e-01 1.905774e+00 6.128965e+00 1.000001e+00 5.755234e-04
-4.953708e-01 6.504288e-01 4.227765e+00 1.000001e+00 6.546016e-04
-5.247356e-01 -4.030484e-01 4.742816e+00 1.000003e+00 1.299103e-03
4.949377e-01 -9.729943e-01 6.873651e+00 1.000004e+00 1.858423e-03
-1.278792e+00 8.369856e-01 5.185372e+00 1.000002e+00 9.963402e-04
-6.088695e-01 -1.167001e+00 3.815698e+00 1.000009e+00 4.714922e-03
-5.164174e-01 1.014426e+00 4.654024e+00 1.000010e+00 4.912605e-03
-1.119442e+00 -1.251441e+00 3.613125e+00 1.000007e+00 3.797990e-03
-8.602613e-01 1.485767e+00 5.410750e+00 1.000001e+00 3.164959e-04
-1.210623e+00 2.920025e-01 5.769600e+00 1.000001e+00 2.625131e-04
9.319778e-03 -1.646742e+00 5.920893e+00 1.000001e+00 6.698513e-04
-1.432067e+00 1.271898e-01 4.672413e+00 1.000002e+00 8.984457e-04
1.580476e-01 -5.661954e-01 6.758153e+00 1.000004e+00 1.841505e-03
-4.594913e-01 -1.875313e+00 5.488473e+00 1.000003e+00 1.361790e-03
1.317460e+00 6.281478e-01 5.532286e+00 1.000013e+00 6.636569e-03
1.387675e+00 -8.151891e-01 3.429018e+00 1.000001e+00 2.785081e-04
1.581030e+00 -6.071607e-01 4.633111e+00 1.000002e+00 1.019786e-03
-1.374041e+00 -8.566556e-01 5.175400e+00 1.000023e+00 1.169591e-02
-4.773054e-02 -1.725447e+00 3.866234e+00 1.000013e+00 6.697489e-03
-8.897087e-02 -1.248336e+00 5.368185e+00 1.000005e+00 2.322476e-03
-8.815649e-01 -1.715154e+00 5.876221e+00 1.000006e+00 2.974960e-03
1.709727e+00 7.600658e-01 5.242907e+00 1.000004e+00 2.284967e-03
-1.288948e+00 -1.961851e-02 6.158891e+00 1.000001e+00 5.101232e-04
1.381071e+00 1.104034e+00 5.304084e+00 1.000001e+00 4.830929e-04
7.565256e-01 -1.480080e+00 3.806024e+00 1.000013e+00 6.788898e-03
-5.198299e-01 -2.740568e-01 3.853193e+00 1.000002e+00 1.012232e-03
1.897581e+00 -7.747841e-01 4.393535e+00 1.000004e+00 1.908487e-03
2.007256e+00 -2.095923e-01 4.483814e+00 1.000010e+00 5.176301e-03
1.926256e-01 1.838235e+00 4.080931e+00 1.000005e+00 2.646506e-03
-4.708912e-02 4.290723e-01 5.607570e+00 1.000007e+00 3.521455e-03
2.323130e-01 1.478674e+00 6.164146e+00 1.000004e+00 2.191455e-03
-1.752048e+00 4.385597e-01 5.537475e+00 1.000001e+00 4.482709e-04
3.154545e-02 2.775989e-01 3.687324e+00 1.000006e+00 2.907695e-03
5.606106e-01 -2.435698e-01 4.177015e+00 1.000005e+00 2.783128e-03
-5.429242e-01 7.579959e-01 3.528739e+00 1.000001e+00 6.338231e-04
3.938853e-01 -5.924180e-01 4.448019e+00 1.000006e+00 3.229127e-03
-1.410155e+00 -1.566142e+00 5.047916e+00 1.000006e+00 2.928376e-03
5.281188e-01 -9.404342e-01 3.199829e+00 1.000003e+00 1.566866e-03
1.428256e+00 -1.150354e-01 3.358195e+00 1.000010e+00 5.143391e-03
4.576676e-01 1.361438e+00 6.391361e+00 1.000001e+00 4.725694e-04
-1.329407e+00 -4.270047e-01 5.193950e+00 1.000013e+00 6.818763e-03
-1.989330e+00 2.761058e-01 4.805808e+00 1.000004e+00 2.249104e-03
-4.493692e-01 -6.690774e-02 6.710585e+00 1.000022e+00 1.140878e-02
-8.270990e-01 -1.292909e+00 5.857638e+00 1.000005e+00 2.580642e-03
1.458906e+00 3.420177e-01 6.420534e+00 1.000001e+00 7.213459e-04
-1.004943e+00 2.511763e-01 3.118252e+00 1.000002e+00 1.258147e-03
-1.516928e+00 -1.041967e+00 5.746230e+00 1.000002e+00 8.149609e-04
1.530026e+00 -7.741054e-01 4.506873e+00 1.000001e+00 6.901469e-04
-1.259460e+00 -5.349442e-01 4.644956e+00 1.000013e+00 6.853879e-03
-1.714450e+00 1.428237e-01 5.205323e+00 1.000003e+00 1.447639e-03
3.239134e-02 -2.216802e+00 4.795248e+00 1.000005e+00 2.432799e-03
1.691467e+00 -6.244934e-01 6.153130e+00 1.000013e+00 6.550948e-03
9.637829e-01 3.504106e-02 4.441278e+00 1.000001e+00 2.774301e-04
-9.161355e-02 -6.901717e-01 3.316165e+00 1.000007e+00 3.683927e-03
-3.762793e-01 -1.642403e-01 5.199902e+00 1.000002e+00 1.213671e-03
-1.056287e+00 5.238630e-01 6.060435e+00 1.000004e+00 1.997347e-03
6.852347e-01 -9.113194e-01 3.468180e+00 1.000014e+00 7.124163e-03
-4.529243e-01 5.882854e-01 3.658882e+00 1.000000e+00 1.913810e-04
-1.914693e-01 1.196088e+00 5.808223e+00 1.000007e+00 3.326657e-03
5.516760e-01 2.871780e-01 4.982632e+00 1.000005e+00 2.443742e-03
1.311223e+00 1.478897e+00 5.677749e+00 1.000011e+00 5.774949e-03
-9.945278e-01 -7.539987e-01 3.845445e+00 1.000004e+00 2.230806e-03
-1.453306e+00 -8.822647e-01 6.014403e+00 1.000005e+00 2.350945e-03
-6.868756e-01 4.290951e-02 5.102921e+00 1.000002e+00 9.534679e-04
-5.752507e-01 -2.004879e+00 5.058723e+00 1.000010e+00 5.001344e-03
7.706007e-01 -8.273406e-01 3.646811e+00 1.000003e+00 1.549159e-03
-9.133806e-01 4.366902e-01 3.848807e+00 1.000008e+00 4.141288e-03
-1.021211e+00 1.501390e+00 3.842568e+00 1.000009e+00 4.437538e-03
-8.028133e-01 7.201719e-01 4.985980e+00 1.000027e+00 1.404422e-02
1.325730e+00 1.787227e-01 3.501695e+00 1.000002e+00 8.459807e-04
-8.420632e-01 1.345884e+00 4.672125e+00 1.000006e+00 3.190931e-03
1.615259e+00 2.017808e-01 5.256157e+00 1.000007e+00 3.763608e-03
-1.858274e+00 4.762944e-01 5.593115e+00 1.000006e+00 2.979832e-03
-8.856566e-01 -4.271085e-01 4.221820e+00 1.000003e+00 1.768597e-03
-6.842051e-03 -1.459048e+00 6.680477e+00 1.000011e+00 5.567246e-03
5.939226e-01 2.607471e-01 5.209844e+00 1.000005e+00 2.723086e-03
-8.851801e-02 1.498880e+00 4.805963e+00 1.000003e+00 1.481720e-03
4.004976e-01 -5.636457e-01 5.525189e+00 1.000004e+00 1.862635e-03
1.282363e-01 1.302324e+00 4.428407e+00 1.000001e+00 5.057290e-04
3.130365e-01 5.685607e-01 5.366055e+00 1.000009e+00 4.696953e-03
6.036483e-01 -1.907913e+00 5.613886e+00 1.000032e+00 1.656408e-02
-1.532144e+00 -1.063391e+00 5.006623e+00 1.000004e+00 2.213278e-03
1.802112e+00 -9.215141e-01 5.532657e+00 1.000006e+00 2.835857e-03
1.603015e+00 1.797951e-01 4.342143e+00 1.000004e+00 2.131250e-03
7.530662e-01 -8.599364e-01 5.669379e+00 1.000003e+00 1.421588e-03
1.548628e-01 -4.806391e-01 5.293780e+00 1.000002e+00 1.094517e-03
8.144972e-01 -6.955214e-01 3.843341e+00 1.000003e+00 1.309369e-03
2.775080e-02 1.205617e+00 4.830096e+00 1.000007e+00 3.327807e-03
1.832823e+00 6.516801e-01 5.062805e+00 1.000009e+00 4.674456e-03
1.795873e+00 4.649771e-01 5.615304e+00 1.000007e+00 3.469591e-03
1.217684e+00 3.395148e-01 4.593036e+00 1.000010e+00 4.948694e-03
6.196160e-01 2.145583e+00 5.134866e+00 1.000007e+00 3.452751e-03
-4.602521e-03 1.551994e+00 5.541381e+00 1.000009e+00 4.495557e-03
-1.868239e+00 1.731835e-01 4.755949e+00 1.000019e+00 9.807179e-03
-7.157364e-01 -3.002608e-01 4.373112e+00 1.000011e+00 5.484555e-03
1.768984e+00 1.283684e+00 4.476542e+00 1.000008e+00 4.173150e-03
1.633296e+00 -1.067184e+00 4.998226e+00 1.000008e+00 3.864174e-03
1.466403e+00 1.462365e+00 4.192026e+00 1.000010e+00 5.358598e-03
7.405043e-01 8.980184e-01 3.879083e+00 1.000004e+00 1.896668e-03
4.958054e-01 -1.569446e+00 5.721890e+00 1.000013e+00 6.469256e-03
-1.460137e+00 2.239292e-01 4.577341e+00 1.000009e+00 4.786369e-03
-2.253182e-01 1.261736e+00 4.307773e+00 1.000003e+00 1.468994e-03
2.703841e-01 2.683039e-01 6.695344e+00 1.000004e+00 1.880655e-03
1.441098e+00 -5.758580e-01 4.389801e+00 1.000005e+00 2.392722e-03
-9.509715e-01 4.097617e-01 3.048373e+00 1.000007e+00 3.818207e-03
-5.463054e-01 1.900619e+00 4.805791e+00 1.000001e+00 5.479671e-04
9.398123e-01 2.181227e-01 3.165280e+00 1.000005e+00 2.504451e-03
7.115848e-03 8.788161e-01 3.243167e+00 1.000004e+00 1.990623e-03
4.820085e-01 1.228255e+00 6.360144e+00 1.000017e+00 8.527153e-03
-1.103101e+00 -1.633557e+00 4.199929e+00 1.000004e+00 2.064487e-03
4.840208e-01 2.044349e+00 4.623028e+00 1.000007e+00 3.751958e-03
5.818324e-01 1.188091e+00 6.484292e+00 1.000001e+00 5.833763e-04
5.368078e-01 -6.098520e-01 5.827494e+00 1.000006e+00 3.125521e-03
-1.214180e+00 -5.793432e-01 6.610595e+00 1.000002e+00 1.247127e-03
-4.547233e-01 -1.533384e+00 5.747475e+00 1.000006e+00 2.919542e-03
1.176403e+00 -8.474762e-01 5.499369e+00 1.000004e+00 2.153353e-03
7.994428e-01 -1.459088e+00 5.816781e+00 1.000016e+00 8.142096e-03
8.377375e-01 -9.710373e-01 6.316156e+00 1.000021e+00 1.067450e-02
-6.857596e-01 -4.013399e-01 4.817276e+00 1.000005e+00 2.493826e-03
7.269264e-01 7.179571e-01 4.715639e+00 1.000001e+00 3.052218e-04
3.175256e-01 1.706444e-01 6.284551e+00 1.000001e+00 3.015332e-04
-1.045606e+00 1.157641e+00 3.978748e+00 1.000003e+00 1.296651e-03
2.672704e-01 9.727877e-02 4.343918e+00 1.000001e+00 4.153550e-04
-6.101074e-01 1.539671e-01 4.480352e+00 1.000006e+00 3.163318e-03
1.077942e+00 -1.171006e+00 3.822557e+00 1.000002e+00 9.163353e-04
1.406463e+00 -1.629435e+00 5.581655e+00 1.000017e+00 8.527787e-03
-2.300537e-01 1.822004e+00 4.222947e+00 1.000003e+00 1.466930e-03
6.987587e-01 1.078000e+00 4.674546e+00 1.000003e+00 1.382236e-03
8.760096e-01 5.512641e-01 5.040515e+00 1.000010e+00 4.963370e-03
3.814663e-01 1.004392e+00 3.246063e+00 1.000015e+00 7.477028e-03
-8.456182e-01 1.094704e+00 5.757919e+00 1.000003e+00 1.680053e-03
-9.169888e-01 -4.184967e-01 6.673431e+00 1.000006e+00 3.164542e-03
-1.123474e-01 -2.042885e+00 4.700455e+00 1.000003e+00 1.620749e-03
-1.878340e+00 5.505237e-01 4.890501e+00 1.000012e+00 6.364105e-03
-2.333616e-02 1.188503e+00 5.589504e+00 1.000007e+00 3.600664e-03
-8.092439e-01 -1.172442e+00 3.496764e+00 1.000003e+00 1.542449e-03
-6.028685e-01 1.095564e+00 4.205507e+00 1.000002e+00 7.796093e-04
4.390420e-01 1.280849e-01 6.437408e+00 1.000003e+00 1.341939e-03
-1.630158e-01 -7.207736e-01 3.298295e+00 1.000022e+00 1.109974e-02
-2.302039e-01 -1.065829e+00 3.476918e+00 1.000003e+00 1.408665e-03
3.664665e-01 -4.262562e-01 4.726464e+00 1.000009e+00 4.732341e-03
7.065102e-02 -3.152796e-01 7.162785e+00 1.000003e+00 1.529796e-03
3.412025e-01 -1.646726e+00 6.007940e+00 1.000003e+00 1.683454e-03
9.906759e-01 1.266041e+00 6.396395e+00 1.000015e+00 7.511656e-03
2.601344e-01 6.767509e-01 5.589948e+00 1.000004e+00 2.113325e-03
-4.307143e-01 -1.943920e+00 4.894658e+00 1.000002e+00 7.690037e-04
-1.843646e+00 -8.474683e-01 5.751008e+00 1.000001e+00 6.635690e-04
1.379237e+00 -7.632445e-02 5.926651e+00 1.000003e+00 1.336884e-03
4.980477e-01 3.878103e-01 4.529701e+00 1.000004e+00 1.941657e-03
-7.345441e-02 6.485160e-01 6.611629e+00 1.000002e+00 1.003115e-03
3.833974e-01 1.082942e+00 3.595757e+00 1.000004e+00 1.839328e-03
2.282345e-01 5.281232e-02 6.961521e+00 1.000005e+00 2.669280e-03
1.074393e+00 6.672224e-01 4.386428e+00 1.000009e+00 4.373933e-03
5.499791e-01 -5.959951e-01 3.400386e+00 1.000006e+00 3.027698e-03
-1.626027e+00 8.848819e-02 3.648075e+00 1.000009e+00 4.353306e-03
2.404332e-01 -2.149810e+00 5.647623e+00 1.000012e+00 5.945639e-03
-2.395372e-01 -1.685478e+00 4.362801e+00 1.000001e+00 4.416091e-04
8.452684e-01 -1.551343e+00 4.644107e+00 1.000002e+00 9.811607e-04
-3.602520e-01 -1.121143e-01 5.164409e+00 1.000001e+00 4.483901e-04
-1.058906e+00 1.790089e+00 4.557266e+00 1.000006e+00 3.267588e-03
-7.487259e-02 -1.641377e+00 4.805261e+00 1.000003e+00 1.762633e-03
-2.492180e-01 9.045737e-01 4.287152e+00 1.000007e+00 3.623820e-03
-8.747484e-02 1.953086e+00 4.311822e+00 1.000001e+00 4.310385e-04
-4.456121e-01 -5.451626e-01 6.611294e+00 1.000002e+00 1.101347e-03
-1.436766e+00 -4.843208e-01 6.658234e+00 1.000005e+00 2.707515e-03
-7.052315e-01 3.316430e-01 3.174006e+00 1.000011e+00 5.662497e-03
3.921672e-04 1.036240e+00 4.236476e+00 1.000008e+00 4.164278e-03
7.442927e-01 -4.545444e-01 4.445858e+00 1.000008e+00 3.865804e-03
-4.861547e-01 8.497783e-01 6.403852e+00 1.000012e+00 5.963862e-03
6.674135e-01 -2.075076e-01 5.446665e+00 1.000005e+00 2.620313e-03
-1.112876e+00 -9.377414e-01 3.346211e+00 1.000012e+00 6.037481e-03
-1.165998e+00 6.741134e-02 6.489211e+00 1.000002e+00 7.845645e-04
1.467175e+00 -1.578337e+00 4.297668e+00 1.000011e+00 5.660471e-03
3.978678e-01 -3.337363e-01 5.307786e+00 1.000003e+00 1.726335e-03
2.811339e-01 -5.645173e-02 6.792863e+00 1.000001e+00 3.450041e-04
-5.194506e-01 1.466739e+00 5.777842e+00 1.000005e+00 2.431139e-03
7.558214e-01 2.610225e-01 6.019454e+00 1.000003e+00 1.314923e-03
5.161523e-01 -3.534221e-01 4.800655e+00 1.000003e+00 1.643288e-03
6.521164e-01 9.418244e-01 5.781195e+00 1.000004e+00 2.296318e-03
-1.814039e+00 -2.008133e-01 4.367393e+00 1.000015e+00 7.857155e-03
7.894797e-01 1.527584e-01 6.044693e+00 1.000005e+00 2.688975e-03
1.141183e+00 -1.565582e+00 6.066155e+00 1.000021e+00 1.092380e-02
3.728108e-02 -1.062940e+00 4.687220e+00 1.000001e+00 3.577512e-04
-5.890208e-01 -6.484804e-01 4.324687e+00 1.000008e+00 3.942292e-03
-1.362844e+00 -5.061805e-01 6.142248e+00 1.000006e+00 3.117605e-03
1.162564e+00 8.651402e-01 5.845752e+00 1.000004e+00 2.102367e-03
7.587873e-01 -1.811403e-01 4.290391e+00 1.000012e+00 5.900449e-03
5.042181e-01 -1.320088e+00 6.341105e+00 1.000000e+00 1.948175e-04
-3.860172e-02 -2.874522e-01 5.657166e+00 1.000003e+00 1.461075e-03
1.670561e-01 -9.179715e-01 6.245073e+00 1.000004e+00 2.110207e-03
-1.837345e+00 1.008928e+00 5.069378e+00 1.000002e+00 8.451674e-04
-8.344787e-01 1.393592e+00 5.932479e+00 1.000005e+00 2.737136e-03
9.934178e-02 1.922691e+00 6.003672e+00 1.000001e+00 3.065569e-04
2.492364e-01 -7.285702e-01 3.713727e+00 1.000001e+00 7.471442e-04
-9.922824e-01 2.407774e-01 6.663158e+00 1.000017e+00 8.808099e-03
-2.185856e-01 1.365677e+00 5.637473e+00 1.000008e+00 4.016469e-03
-1.946881e+00 -5.752361e-01 5.553243e+00 1.000001e+00 6.311109e-04
-3.529441e-01 9.424033e-01 4.977948e+00 1.000003e+00 1.480473e-03
-1.202749e+00 4.580007e-01 6.172477e+00 1.000004e+00 1.927282e-03
-3.487943e-01 -1.273632e+00 4.653118e+00 1.000003e+00 1.541260e-03
-2.304849e-01 1.821994e+00 5.362511e+00 1.000007e+00 3.756192e-03
1.516965e+00 -2.910554e-01 5.966872e+00 1.000004e+00 1.882641e-03
-2.628482e-01 -9.695838e-01 4.906354e+00 1.000003e+00 1.594586e-03
1.255205e+00 -9.560765e-02 5.237985e+00 1.000010e+00 5.238068e-03
-1.132917e+00 -1.413248e+00 4.688577e+00 1.000011e+00 5.379633e-03
3.060531e-01 -6.116819e-01 2.978031e+00 1.000003e+00 1.597381e-03
5.251954e-01 7.291150e-01 6.584495e+00 1.000004e+00 2.098450e-03
-4.560837e-01 -4.941687e-01 5.094004e+00 1.000006e+00 3.305289e-03
1.454151e-01 1.223530e+00 6.182559e+00 1.000000e+00 2.356752e-04
1.526754e+00 -3.245740e-01 5.797868e+00 1.000009e+00 4.508892e-03
-3.700924e-01 -1.534670e+00 5.703065e+00 1.000002e+00 8.648534e-04
1.127948e+00 1.625777e-01 5.828317e+00 1.000013e+00 6.409585e-03
-3.137513e-01 4.544401e-01 5.466218e+00 1.000009e+00 4.426807e-03
1.369904e+00 1.655822e-01 3.690470e+00 1.000001e+00 3.773634e-04
1.441027e+00 -1.264180e-02 3.358784e+00 1.000023e+00 1.150332e-02
8.195993e-01 6.449393e-01 3.245365e+00 1.000011e+00 5.745647e-03
-3.569191e-01 -1.315296e+00 6.792022e+00 1.000001e+00 4.075190e-04
-5.765724e-01 5.899802e-01 5.078440e+00 1.000010e+00 5.152514e-03
9.016467e-01 -7.303410e-01 4.155169e+00 1.000010e+00 5.088386e-03
3.953813e-01 1.268661e+00 5.714645e+00 1.000014e+00 6.983271e-03
-1.494429e+00 -1.402336e+00 4.352475e+00 1.000002e+00 7.893842e-04
-1.341129e+00 -2.872457e-01 4.450807e+00 1.000013e+00 6.824060e-03
-3.411267e-01 1.404276e-02 6.349905e+00 1.000016e+00 8.304867e-03
3.120945e-01 -1.927960e+00 5.879567e+00 1.000002e+00 1.130838e-03
-1.618570e+00 -1.123636e+00 4.304353e+00 1.000000e+00 1.750127e-04
-1.955604e-02 8.936123e-02 7.253888e+00 1.000010e+00 5.315591e-03
1.612190e+00 -5.296046e-01 3.819794e+00 1.000002e+00 8.949954e-04
-1.383296e+00 -2.402495e-01 6.355681e+00 1.000003e+00 1.692475e-03
-2.121347e-01 -4.870613e-01 6.313095e+00 1.000020e+00 1.021312e-02
-1.240303e+00 -9.592801e-01 6.458154e+00 1.000001e+00 6.457479e-04
-7.585494e-01 -2.737762e-01 5.869633e+00 1.000008e+00 3.976081e-03
-7.114880e-01 -1.716869e+00 6.300337e+00 1.000004e+00 2.209698e-03
2.123389e+00 2.479184e-01 4.601995e+00 1.000006e+00 3.049798e-03
1.521358e+00 -4.005425e-01 4.638667e+00 1.000006e+00 3.058148e-03
1.985203e+00 8.916009e-01 5.307088e+00 1.000003e+00 1.499814e-03
-7.045931e-01 9.000420e-01 4.622459e+00 1.000014e+00 6.950239e-03
6.966722e-01 -1.691116e+00 3.825159e+00 1.000002e+00 1.024832e-03
-3.119650e-02 -2.027302e-01 6.014809e+00 1.000002e+00 9.883011e-04
-6.107325e-01 1.943722e+00 5.941301e+00 1.000005e+00 2.405549e-03
1.688649e+00 4.084431e-01 3.909289e+00 1.000012e+00 6.312989e-03
1.635581e+00 -8.495387e-01 4.625004e+00 1.000011e+00 5.596215e-03
5.144743e-01 -2.221344e-01 6.894734e+00 1.000009e+00 4.610804e-03
4.306340e-01 7.176541e-01 4.204169e+00 1.000004e+00 2.201437e-03
1.306634e+00 1.439061e+00 5.744142e+00 1.000002e+00 1.183309e-03
2.035338e+00 -3.387066e-01 5.390053e+00 1.000009e+00 4.611879e-03
-5.815693e-01 -1.850143e+00 5.198822e+00 1.000011e+00 5.475096e-03
9.894958e-01 -1.007007e+00 3.891520e+00 1.000002e+00 9.806425e-04
-1.325061e-01 -6.331801e-01 4.937770e+00 1.000005e+00 2.485772e-03
1.748748e+00 -8.922969e-01 4.293676e+00 1.000008e+00 3.993971e-03
5.280181e-01 1.823078e+00 5.961347e+00 1.000005e+00 2.410816e-03
1.048397e+00 -1.095998e+00 5.419855e+00 1.000005e+00 2.702103e-03
-1.226759e+00 1.408600e+00 4.646154e+00 1.000003e+00 1.781089e-03
-1.189407e+00 -1.586163e+00 5.271514e+00 1.000000e+00 2.497750e-04
-1.735780e+00 2.649831e-01 6.296102e+00 1.000003e+00 1.411587e-03
1.319324e+00 1.433376e+00 5.962817e+00 1.000006e+00 3.228543e-03
1.000884e+00 -4.424454e-01 5.764907e+00 1.000001e+00 5.051389e-04
1.182161e+00 1.505178e+00 4.168955e+00 1.000002e+00 9.201065e-04
1.005925e+00 -1.863872e+00 4.359596e+00 1.000004e+00 2.222006e-03
1.461475e-01 -7.262378e-01 6.462355e+00 1.000002e+00 1.223046e-03
-3.412581e-01 -1.524426e+00 5.529844e+00 1.000010e+00 4.911035e-03
-1.187682e+00 -5.879821e-01 4.899953e+00 1.000008e+00 4.272245e-03
7.218968e-01 8.052344e-01 4.878506e+00 1.000005e+00 2.320383e-03
2.195854e-01 2.051094e+00 5.871638e+00 1.000004e+00 2.119873e-03
-3.679025e-01 -5.440214e-01 3.831945e+00 1.000005e+00 2.675911e-03
1.160430e+00 -8.549618e-01 4.093162e+00 1.000014e+00 6.914681e-03
-1.550952e+00 -1.931216e-01 6.608412e+00 1.000009e+00 4.447448e-03
-9.693612e-01 -2.589668e-01 5.035305e+00 1.000010e+00 5.213418e-03
1.391418e+00 -1.728110e+00 4.582854e+00 1.000018e+00 8.971679e-03
2.637374e-01 -2.727445e-01 6.933147e+00 1.000010e+00 5.003164e-03
-1.512204e+00 -2.672556e-01 5.114257e+00 1.000001e+00 5.724031e-04
-1.337889e+00 -1.107478e-01 5.659254e+00 1.000009e+00 4.662018e-03
8.782419e-01 -3.232190e-02 6.710370e+00 1.000008e+00 4.011540e-03
-1.944216e-01 7.582383e-01 3.299552e+00 1.000010e+00 5.189879e-03
-1.200634e+00 1.840730e-01 4.282570e+00 1.000003e+00 1.657181e-03
2.808846e-01 8.056942e-01 2.897593e+00 1.000003e+00 1.667456e-03
-7.406241e-01 -3.024131e-01 5.793302e+00 1.000004e+00 2.020879e-03
-3.302147e-01 -1.584214e+00 6.411342e+00 1.000004e+00 2.144918e-03
-9.332166e-01 -5.774328e-01 5.127849e+00 1.000005e+00 2.491158e-03
-1.029689e+00 8.087325e-01 6.313333e+00 1.000013e+00 6.684693e-03
-1.160903e+00 1.874610e+00 4.677221e+00 1.000003e+00 1.701630e-03
3.187166e-02 -6.534936e-01 4.097319e+00 1.000008e+00 3.928046e-03
-5.848774e-01 -1.310586e+00 6.030957e+00 1.000014e+00 7.000448e-03
-1.736998e+00 3.391519e-01 6.046382e+00 1.000002e+00 1.270983e-03
-4.889538e-01 3.809691e-01 3.823134e+00 1.000003e+00 1.502837e-03
4.686242e-01 7.404457e-01 6.292746e+00 1.000003e+00 1.684576e-03
-1.332682e+00 -7.391207e-03 4.344801e+00 1.000016e+00 8.377189e-03
5.959727e-01 -1.074359e+00 5.453181e+00 1.000012e+00 5.909283e-03
-3.346451e-01 -1.490932e+00 4.588011e+00 1.000007e+00 3.369881e-03
-2.375311e-01 -1.279780e+00 4.562515e+00 1.000015e+00 7.798376e-03
1.026864e+00 -6.274110e-01 6.244682e+00 1.000010e+00 4.942209e-03
-7.018204e-01 7.602152e-01 4.366702e+00 1.000007e+00 3.393319e-03
1.431100e+00 6.242369e-02 4.454613e+00 1.000002e+00 8.496110e-04
1.767645e+00 -2.595160e-02 4.274631e+00 1.000007e+00 3.789436e-03
1.856707e+00 1.089613e+00 4.327388e+00 1.000013e+00 6.720869e-03
4.631214e-01 -1.984998e+00 5.127171e+00 1.000002e+00 9.875986e-04
-1.658310e-01 8.380111e-01 6.616379e+00 1.000002e+00 8.510184e-04
-2.962909e-01 9.614915e-01 3.658361e+00 1.000004e+00 1.953485e-03
1.393408e+00 -1.086596e+00 5.589388e+00 1.000004e+00 2.193794e-03
9.348456e-01 -6.383804e-01 3.906248e+00 1.000005e+00 2.585114e-03
-1.847786e-02 1.467114e+00 6.268365e+00 1.000026e+00 1.333185e-02
2.185240e-01 -3.561874e-01 4.509852e+00 1.000009e+00 4.833131e-03
-1.147572e+00 -2.383320e-01 5.404258e+00 1.000009e+00 4.401884e-03
-1.730929e+00 7.484308e-01 3.816576e+00 1.000002e+00 1.032477e-03
-9.409920e-01 1.016431e-01 3.355327e+00 1.000006e+00 3.021250e-03
-1.576439e+00 -1.032319e-01 3.580458e+00 1.000002e+00 1.258287e-03
-5.565439e-02 3.248713e-01 5.198205e+00 1.000009e+00 4.487385e-03
-1.884933e+00 -6.735385e-01 4.308496e+00 1.000007e+00 3.628245e-03
1.678213e+00 -1.411256e+00 5.130775e+00 1.000006e+00 3.257930e-03
4.907824e-01 9.997802e-01 5.605224e+00 1.000004e+00 2.065339e-03
-1.600956e+00 -9.935241e-01 4.531474e+00 1.000008e+00 4.109125e-03
-9.999618e-01 1.573217e+00 3.957098e+00 1.000005e+00 2.498785e-03
4.317610e-01 8.636358e-01 5.526742e+00 1.000000e+00 1.003237e-04
1.231491e+00 3.220973e-01 3.684110e+00 1.000003e+00 1.766264e-03
-1.532107e+00 6.943031e-02 3.408468e+00 1.000001e+00 5.154477e-04
-1.303593e+00 -5.023671e-01 4.957416e+00 1.000004e+00 1.857876e-03
5.797237e-01 -1.699776e-01 5.809084e+00 1.000003e+00 1.451817e-03
1.205448e+00 -2.884822e-01 6.298943e+00 1.000006e+00 2.866288e-03
-9.843523e-01 1.054999e+00 5.443523e+00 1.000004e+00 1.946985e-03
1.287388e+00 -6.397597e-01 6.669998e+00 1.000005e+00 2.421545e-03
-5.638042e-01 -7.446338e-01 6.817167e+00 1.000008e+00 4.281862e-03
1.041720e+00 -5.850248e-01 5.020273e+00 1.000004e+00 2.031206e-03
8.007136e-01 1.595320e+00 4.808042e+00 1.000002e+00 1.104412e-03
2.417519e-01 2.148870e+00 4.566794e+00 1.000003e+00 1.668363e-03
-1.347469e+00 -8.234261e-01 4.795412e+00 1.000005e+00 2.404215e-03
1.057764e+00 1.629044e+00 4.266936e+00 1.000008e+00 4.247195e-03
-1.871840e-01 5.403432e-01 6.488188e+00 1.000011e+00 5.770873e-03
3.683485e-01 2.448368e-01 5.332551e+00 1.000005e+00 2.719646e-03
-3.001710e-02 1.059233e+00 3.311013e+00 1.000009e+00 4.623968e-03
-1.055190e+00 8.785230e-01 6.437726e+00 1.000002e+00 8.399730e-04
-1.112657e+00 -7.057674e-01 4.669834e+00 1.000003e+00 1.662201e-03
1.434031e+00 1.270893e+00 5.918585e+00 1.000001e+00 4.153339e-04
1.650616e+00 -3.565877e-01 5.900182e+00 1.000004e+00 1.847160e-03
-1.963228e+00 1.818444e-01 5.516153e+00 1.000010e+00 5.186336e-03
-7.545255e-02 1.767174e+00 3.759243e+00 1.000000e+00 2.209965e-04
9.581054e-01 -5.383050e-01 6.780813e+00 1.000016e+00 8.020355e-03
-9.056381e-01 7.913279e-01 5.601341e+00 1.000005e+00 2.375245e-03
-8.936897e-01 4.710786e-01 6.603137e+00 1.000007e+00 3.805402e-03
-1.435146e-01 1.489803e+00 5.208453e+00 1.000009e+00 4.711444e-03
2.056587e+00 3.671543e-01 5.360384e+00 1.000014e+00 7.145310e-03
-3.594915e-01 -1.823605e+00 3.974332e+00 1.000003e+00 1.495684e-03
-3.874585e-01 1.308872e+00 3.970495e+00 1.000005e+00 2.612881e-03
-1.806183e+00 3.892299e-01 5.686437e+00 1.000008e+00 4.322921e-03
-1.308384e-01 -9.171836e-01 4.402912e+00 1.000003e+00 1.629157e-03
2.267955e-01 1.911017e-01 3.350304e+00 1.000008e+00 4.068084e-03
-1.048780e+00 2.388835e-01 6.164045e+00 1.000014e+00 7.126706e-03
1.417606e-01 -3.671899e-02 5.707049e+00 1.000006e+00 3.086419e-03
1.589763e+00 -1.061168e+00 4.108119e+00 1.000005e+00 2.476048e-03
7.513705e-01 3.573047e-01 6.820846e+00 1.000004e+00 2.227786e-03
-6.509091e-01 2.021444e-01 5.144273e+00 1.000001e+00 6.040575e-04
1.314581e+00 -4.217790e-01 5.997658e+00 1.000012e+00 6.185859e-03
-4.077093e-01 6.642213e-01 6.456861e+00 1.000002e+00 1.020041e-03
8.725210e-01 -7.104932e-01 6.260190e+00 1.000003e+00 1.324365e-03
1.538185e+00 1.435440e-01 3.537108e+00 1.000014e+00 7.180287e-03
-8.717325e-01 -1.582941e+00 4.400862e+00 1.000003e+00 1.713171e-03
1.038461e+00 -3.283798e-01 6.935742e+00 1.000007e+00 3.706472e-03
1.937976e-01 8.639226e-01 5.698434e+00 1.000003e+00 1.414025e-03
-1.170219e+00 -1.899780e+00 4.782345e+00 1.000001e+00 3.494547e-04
-1.056041e+00 -1.131727e+00 4.703106e+00 1.000009e+00 4.717473e-03
1.702307e-02 -6.156566e-02 6.692512e+00 1.000002e+00 1.205923e-03
5.364642e-01 3.335521e-01 3.609031e+00 1.000007e+00 3.605809e-03
-4.049165e-01 1.698104e+00 5.239252e+00 1.000005e+00 2.744588e-03
9.680255e-02 9.032800e-01 3.925792e+00 1.000004e+00 1.830770e-03
-8.767229e-02 -1.112040e+00 5.622125e+00 1.000003e+00 1.380088e-03
-2.985418e-02 2.815143e-01 3.932005e+00 1.000006e+00 2.825455e-03
4.483647e-01 1.881698e-01 3.177420e+00 1.000005e+00 2.553638e-03
-1.408129e-01 1.508678e+00 6.315162e+00 1.000004e+00 2.010302e-03
3.565784e-01 1.829329e+00 4.966836e+00 1.000030e+00 1.515530e-02
-2.247886e-01 5.539838e-01 6.194244e+00 1.000010e+00 5.364705e-03
-1.152011e+00 9.036176e-01 4.735121e+00 1.000016e+00 7.954232e-03
3.860741e-01 -1.511791e-01 4.877270e+00 1.000005e+00 2.357885e-03
6.924243e-01 -1.208697e+00 6.110169e+00 1.000003e+00 1.680841e-03
-3.226843e-02 1.274570e+00 3.184840e+00 1.000008e+00 3.849997e-03
-6.268094e-01 -1.831144e+00 5.990929e+00 1.000003e+00 1.763371e-03
-7.049945e-01 -7.635232e-01 6.237834e+00 1.000000e+00 2.057039e-04
9.126687e-01 6.118694e-01 6.773832e+00 1.000004e+00 2.240020e-03
1.557660e+00 -2.007637e-01 5.130995e+00 1.000009e+00 4.680927e-03
1.587418e+00 1.295228e-01 6.124664e+00 1.000012e+00 6.191787e-03
7.054715e-01 1.904587e+00 5.846018e+00 1.000003e+00 1.718420e-03
-1.479816e-01 -2.746849e-01 6.192147e+00 1.000003e+00 1.410840e-03
2.673877e-01 2.098903e+00 5.282853e+00 1.000004e+00 2.222873e-03
1.333228e+00 4.561355e-01 5.460453e+00 1.000001e+00 3.106885e-04
1.555804e+00 2.177509e-01 4.360908e+00 1.000008e+00 3.895991e-03
1.120349e+00 -1.098413e+00 5.416455e+00 1.000003e+00 1.388346e-03
9.226561e-01 -8.684094e-01 6.477495e+00 1.000009e+00 4.591109e-03
-1.327803e+00 5.509458e-01 5.886663e+00 1.000001e+00 6.009604e-04
-4.165598e-01 -9.360044e-01 4.515188e+00 1.000000e+00 2.385735e-04
9.312151e-01 1.863784e-01 5.556897e+00 1.000003e+00 1.453513e-03
-1.333249e-02 6.411292e-01 4.447102e+00 1.000003e+00 1.676908e-03
1.263491e+00 -1.047444e+00 3.752249e+00 1.000001e+00 3.273443e-04
-7.589071e-01 4.845368e-01 6.186966e+00 1.000001e+00 5.309636e-04
4.738711e-01 1.104688e+00 6.712831e+00 1.000013e+00 6.493638e-03
1.065634e-01 -1.572490e-01 2.886538e+00 1.000001e+00 7.550629e-04
-1.690210e+00 -1.372095e+00 5.173960e+00 1.000000e+00 2.391703e-04
-1.591829e+00 -6.992109e-01 4.209603e+00 1.000009e+00 4.604197e-03
-8.138694e-01 -1.019705e+00 5.898903e+00 1.000005e+00 2.396969e-03
-7.083286e-01 2.006256e+00 4.713557e+00 1.000003e+00 1.499057e-03
5.306127e-01 1.223876e+00 4.830167e+00 1.000002e+00 7.885325e-04
7.692160e-01 -1.420366e+00 4.161183e+00 1.000029e+00 1.483553e-02
5.223821e-01 -1.173240e+00 3.908231e+00 1.000014e+00 6.902767e-03
1.890949e+00 4.373744e-01 4.642252e+00 1.000009e+00 4.487123e-03
-1.369002e+00 -1.269888e+00 5.698490e+00 1.000009e+00 4.738929e-03
4.367946e-01 1.271976e+00 6.573551e+00 1.000006e+00 3.147590e-03
6.943321e-01 9.811648e-01 4.461875e+00 1.000012e+00 6.039322e-03
7.570120e-01 4.197129e-01 3.842867e+00 1.000000e+00 2.124071e-04
-1.254276e+00 8.954183e-01 4.021859e+00 1.000001e+00 3.975666e-04
8.271342e-01 -8.153451e-01 6.046712e+00 1.000001e+00 3.664995e-04
-9.711079e-01 1.056425e+00 5.422246e+00 1.000011e+00 5.461356e-03
2.121615e-02 -4.170393e-01 5.588582e+00 1.000004e+00 2.281675e-03
-8.740911e-01 5.509830e-01 4.922241e+00 1.000002e+00 1.159958e-03
-1.328365e+00 -1.779870e-01 4.946683e+00 1.000005e+00 2.655562e-03
-2.714997e-01 -1.735205e+00 5.379377e+00 1.000004e+00 2.120045e-03
-5.423749e-01 1.043536e-01 6.569097e+00 1.000001e+00 7.566898e-04
1.685254e+00 1.155406e-01 5.221790e+00 1.000020e+00 1.035180e-02
-9.725181e-01 -1.012621e+00 4.134058e+00 1.000008e+00 4.103956e-03
-2.060656e+00 -3.628444e-01 5.260286e+00 1.000009e+00 4.653321e-03
1.014730e+00 1.082029e+00 5.216934e+00 1.000013e+00 6.671853e-03
-1.529282e+00 9.773908e-01 4.633251e+00 1.000003e+00 1.515840e-03
5.757356e-01 -2.931197e-01 4.176770e+00 1.000001e+00 3.976721e-04
-1.808109e+00 -7.128072e-02 5.195490e+00 1.000005e+00 2.481194e-03
-1.758076e+00 7.547515e-01 4.137742e+00 1.000002e+00 1.245030e-03
-6.243267e-01 3.409107e-03 6.088550e+00 1.000005e+00 2.375847e-03
1.357224e+00 -4.214690e-01 6.480426e+00 1.000003e+00 1.738218e-03
-2.585781e-01 5.232537e-01 3.591780e+00 1.000002e+00 1.253057e-03
3.610482e-01 1.535421e+00 5.385352e+00 1.000007e+00 3.788665e-03
-1.565283e-01 7.685272e-01 3.931941e+00 1.000003e+00 1.404783e-03
-2.483698e-01 -1.641695e+00 4.146613e+00 1.000012e+00 6.221945e-03
-9.366708e-01 -4.621781e-01 4.489096e+00 1.000004e+00 2.299374e-03
1.355237e+00 -6.369629e-01 5.796259e+00 1.000001e+00 2.986398e-04
3.410169e-01 9.750422e-01 5.962281e+00 1.000004e+00 2.037008e-03
9.397787e-02 -1.524394e-01 5.653643e+00 1.000005e+00 2.479880e-03
-8.058552e-01 -1.281928e+00 5.432949e+00 1.000011e+00 5.599754e-03
-8.500957e-01 -6.439210e-01 3.893307e+00 1.000006e+00 3.308148e-03
2.375670e-02 9.776229e-01 6.600506e+00 1.000005e+00 2.670294e-03
1.367277e+00 -1.715509e+00 5.405303e+00 1.000006e+00 2.915872e-03
-1.189138e+00 2.846023e-01 6.537055e+00 1.000006e+00 3.262269e-03
4.145613e-02 -2.097425e-01 2.952899e+00 1.000002e+00 9.051140e-04
-1.883047e-01 -4.463161e-01 3.277631e+00 1.000003e+00 1.718917e-03
1.490933e-01 3.475589e-01 7.043403e+00 1.000005e+00 2.441153e-03
2.517605e-01 4.082647e-01 4.293556e+00 1.000004e+00 1.986215e-03
-4.544228e-01 -7.083927e-01 5.134327e+00 1.000011e+00 5.556535e-03
-2.301669e-01 8.175134e-01 3.439421e+00 1.000006e+00 3.048516e-03
1.190043e+00 -1.112390e+00 5.330297e+00 1.000003e+00 1.736073e-03
6.420342e-01 -6.083288e-01 3.102316e+00 1.000003e+00 1.634803e-03
2.314106e-01 1.965336e+00 5.938073e+00 1.000001e+00 3.538122e-04
1.126156e+00 1.855730e+00 4.743109e+00 1.000002e+00 9.079529e-04
3.630112e-01 2.046030e-01 2.836841e+00 1.000005e+00 2.607854e-03
3.807371e-01 -1.563032e-01 7.056427e+00 1.000002e+00 8.776243e-04
3.876548e-01 2.574116e-01 7.195382e+00 1.000012e+00 5.906092e-03
-1.535059e+00 1.442110e+00 5.119803e+00 1.000003e+00 1.722052e-03
5.773905e-03 2.310587e-01 3.913078e+00 1.000004e+00 2.028511e-03
-1.037049e+00 -1.978517e+00 5.228645e+00 1.000008e+00 4.193757e-03
-3.329344e-01 -3.070741e-01 3.670014e+00 1.000000e+00 2.372642e-04
-7.002471e-01 -6.279295e-01 3.830811e+00 1.000003e+00 1.468597e-03
-1.475198e+00 -2.758642e-01 4.031114e+00 1.000002e+00 9.354601e-04
9.471910e-01 1.547882e+00 3.942224e+00 1.000015e+00 7.649808e-03
-5.246735e-01 -1.808878e+00 5.896018e+00 1.000007e+00 3.433203e-03
-2.926341e-01 2.276846e-01 6.427554e+00 1.000007e+00 3.509077e-03
1.195018e+00 4.233182e-01 4.381511e+00 1.000008e+00 3.923718e-03
-1.934720e-01 -1.327296e-01 2.759612e+00 1.000018e+00 9.079521e-03
7.110596e-01 6.061275e-01 3.838210e+00 1.000011e+00 5.377066e-03
1.740361e+00 -1.001146e+00 4.345159e+00 1.000009e+00 4.701243e-03
-4.340317e-01 1.450222e+00 4.612823e+00 1.000006e+00 2.855823e-03
-1.777841e+00 3.905570e-01 5.524578e+00 1.000006e+00 3.038094e-03
3.962316e-01 -5.008409e-01 4.798205e+00 1.000002e+00 1.220309e-03
7.184892e-02 2.355916e-01 5.905299e+00 1.000004e+00 2.026434e-03
-4.177269e-01 4.494460e-01 4.668421e+00 1.000010e+00 4.975974e-03
3.097469e-01 -6.221525e-01 6.758118e+00 1.000005e+00 2.471269e-03
9.467998e-01 -6.316647e-01 6.453199e+00 1.000003e+00 1.369469e-03
-1.157944e+00 -5.146230e-01 4.890461e+00 1.000002e+00 1.203970e-03
-1.501443e+00 -9.222982e-01 3.616564e+00 1.000003e+00 1.668111e-03
1.724100e-01 4.981608e-01 4.963349e+00 1.000003e+00 1.508885e-03
1.809757e+00 8.475372e-01 4.654488e+00 1.000003e+00 1.423937e-03
1.953458e+00 1.011905e-01 4.028814e+00 1.000006e+00 3.027756e-03
-7.595322e-01 -6.075001e-01 5.148163e+00 1.000008e+00 3.923807e-03
1.777884e+00 -2.007653e-01 6.335783e+00 1.000009e+00 4.369916e-03
1.435864e+00 1.385025e+00 5.649630e+00 1.000005e+00 2.575578e-03
9.088874e-01 -1.685516e+00 4.211958e+00 1.000005e+00 2.438696e-03
8.233199e-01 8.877820e-01 4.970771e+00 1.000003e+00 1.555520e-03
-5.777319e-01 1.358725e+00 3.556687e+00 1.000012e+00 6.381563e-03
-1.738820e+00 1.017233e+00 4.452185e+00 1.000003e+00 1.694063e-03
-3.929114e-01 1.136009e+00 6.602982e+00 1.000005e+00 2.780682e-03
2.614510e-01 1.556627e+00 6.376012e+00 1.000006e+00 3.239336e-03
-2.386900e-02 4.585509e-01 6.296489e+00 1.000001e+00 3.567697e-04
4.037389e-01 -1.839135e+00 4.350991e+00 1.000005e+00 2.307179e-03
-4.211963e-01 1.192994e+00 3.386829e+00 1.000013e+00 6.613507e-03
1.182474e+00 -3.921211e-01 4.247910e+00 1.000011e+00 5.716644e-03
1.498011e+00 8.439528e-01 4.981407e+00 1.000007e+00 3.747301e-03
5.146243e-01 -3.735288e-01 5.080004e+00 1.000009e+00 4.723734e-03
4.716258e-01 1.219092e+00 3.712584e+00 1.000006e+00 2.862754e-03
-1.147356e-01 2.067795e+00 4.174391e+00 1.000006e+00 3.283203e-03
-1.200929e-01 4.458491e-01 3.378617e+00 1.000005e+00 2.361474e-03
-1.967330e+00 -6.774265e-01 5.086133e+00 1.000012e+00 5.967325e-03
-1.046655e+00 -3.265256e-01 6.226510e+00 1.000010e+00 4.979464e-03
-3.701697e-01 1.989281e+00 4.261486e+00 1.000006e+00 3.178886e-03
-1.154768e+00 7.704293e-01 5.273500e+00 1.000008e+00 4.286652e-03
1.089068e+00 -3.977518e-01 3.341460e+00 1.000007e+00 3.753193e-03
-1.487918e+00 -2.399603e-01 4.870567e+00 1.000001e+00 3.652319e-04
8.604550e-02 3.274435e-01 6.910529e+00 1.000005e+00 2.643806e-03
7.661356e-01 1.037316e+00 6.644114e+00 1.000007e+00 3.721610e-03
-7.982235e-01 -9.797317e-02 3.011949e+00 1.000001e+00 5.639007e-04
3.242781e-01 1.123186e-01 5.821076e+00 1.000002e+00 8.471087e-04
1.337258e+00 3.768632e-01 4.579650e+00 1.000013e+00 6.655907e-03
-2.325155e-01 9.112260e-01 3.716775e+00 1.000015e+00 7.448128e-03
-2.942496e-01 -5.947070e-01 5.987728e+00 1.000007e+00 3.431115e-03
7.914693e-01 -1.085766e+00 3.193397e+00 1.000010e+00 4.874059e-03
-2.373740e-01 -7.221187e-01 4.410535e+00 1.000005e+00 2.486425e-03
-1.090358e+00 1.008954e-01 5.473921e+00 1.000006e+00 2.950732e-03
-3.839283e-01 1.336052e+00 4.624320e+00 1.000002e+00 1.142072e-03
3.130298e-01 -1.574397e-01 3.745788e+00 1.000010e+00 5.321685e-03
1.224546e+00 -1.034522e+00 4.403949e+00 1.000006e+00 3.274918e-03
1.307067e+00 -2.538685e-01 6.087112e+00 1.000008e+00 3.940033e-03
-3.235332e-01 1.203949e+00 4.546387e+00 1.000003e+00 1.313348e-03
-8.874175e-01 9.265523e-01 5.073872e+00 1.000005e+00 2.758083e-03
7.657611e-01 4.015163e-01 6.949038e+00 1.000003e+00 1.642441e-03
-1.744929e+00 -6.853341e-01 5.659353e+00 1.000001e+00 6.700526e-04
1.741184e+00 6.103207e-01 3.966560e+00 1.000004e+00 2.207311e-03
-8.774760e-01 3.077035e-01 6.683417e+00 1.000002e+00 1.113735e-03
7.365553e-02 1.839956e+00 5.244310e+00 1.000001e+00 3.240813e-04
2.210954e-01 1.419054e+00 5.262957e+00 1.000006e+00 2.918798e-03
-5.732932e-01 1.218888e+00 5.207633e+00 1.000004e+00 1.844448e-03
8.410671e-01 -2.174830e-01 5.703597e+00 1.000007e+00 3.386522e-03
-4.721276e-01 7.466129e-01 4.296273e+00 1.000001e+00 4.450532e-04
-9.047467e-01 -1.042548e+00 6.125880e+00 1.000001e+00 6.037101e-04
1.155000e+00 1.811918e+00 4.672894e+00 1.000006e+00 3.063373e-03
