1.968698e-01    -1.345724e+00    4.999855e+00    1.132671e+01    5.276947e+03    
1.782722e+00    -1.766567e-01    4.924201e+00    1.196603e+01    5.603643e+03    
7.131875e-01    2.876041e-01    3.712634e+00    1.481216e+00    2.459012e+02    
1.691394e+00    -1.044212e+00    4.684012e+00    1.400491e+00    2.046507e+02    
-1.021758e+00    6.500120e-01    4.503573e+00    1.337340e+00    1.723807e+02    
6.080594e-01    -1.216197e+00    4.456047e+00    1.386334e+00    1.974169e+02    
1.351815e+00    -8.089305e-01    2.791169e+00    1.398820e+00    2.037968e+02    
4.067897e+00    -9.731344e-01    5.032467e+00    1.125548e+01    5.240550e+03    
2.123362e+00    8.183588e-01    4.887318e+00    1.482411e+00    2.465120e+02    
7.965643e-01    -1.093934e+00    5.573823e+00    1.386000e+00    1.972459e+02    
-1.764113e+00    7.431625e-01    6.928239e+00    1.503825e+00    2.574546e+02    
-1.095810e+00    -4.039473e-01    7.206680e+00    1.441173e+00    2.254393e+02    
-1.211200e+00    -4.104136e-01    6.877551e+00    1.417215e+00    2.131970e+02    
-1.207027e+00    4.330007e-01    4.295406e+00    1.303793e+00    1.552383e+02    
5.881290e-01    9.054888e-01    4.560592e+00    1.003070e+00    1.568904e+00    
3.032352e-01    2.289197e-01    5.553594e+00    1.004687e+00    2.395066e+00    
6.527978e-01    1.132990e+00    5.620582e+00    1.425116e+00    2.172342e+02    
-1.592594e+00    -1.083512e+00    5.140815e+00    1.324125e+00    1.656278e+02    
2.844015e+00    -1.227814e-03    4.831677e+00    1.196173e+01    5.601443e+03    
8.811396e-01    8.590860e-01    4.939214e+00    1.187375e+01    5.556486e+03    
-1.780589e+00    -8.701544e-01    6.046531e+00    1.005610e+00    2.866714e+00    
1.551302e+00    3.619958e-01    4.686910e+00    1.315054e+00    1.609927e+02    
2.266534e-01    2.034847e+00    4.733591e+00    1.196508e+00    1.004154e+02    
7.134374e-01    1.040962e+00    5.788250e+00    1.002742e+00    1.401257e+00    
1.163289e+00    -3.110040e-01    5.139984e+00    1.373940e+00    1.910835e+02    
-4.965563e-01    1.245751e+00    5.018821e+00    1.132448e+01    5.275809e+03    
2.522855e-01    -1.330369e+00    4.971154e+00    1.321839e+00    1.644597e+02    
2.366576e+00    1.212149e-01    5.190924e+00    1.196223e+01    5.601697e+03    
-2.709124e-01    -3.021626e-01    5.417175e+00    1.025279e+00    1.291775e+01    
-1.029627e+00    1.381796e+00    7.396206e+00    1.081244e+00    4.151558e+01    
-1.433194e-01    -3.908160e-01    4.180582e+00    1.002833e+00    1.447701e+00    
9.067521e-01    1.440954e+00    5.003757e+00    1.401239e+00    2.050332e+02    
1.205225e+00    -5.219307e-02    5.900000e+00    1.014698e+00    7.510486e+00    
8.335393e-01    -6.599393e-01    4.830224e+00    1.423820e+00    2.165718e+02    
1.488746e+00    -9.208656e-01    4.873043e+00    1.349730e+00    1.787119e+02    
-1.885790e-01    -1.193851e+00    7.180666e+00    1.498222e+00    2.545912e+02    
6.849396e-01    -7.102318e-01    2.928151e+00    1.531084e+00    2.713840e+02    
1.600275e+00    4.079735e-01    4.528583e+00    1.396000e+00    2.023560e+02    
1.527350e+00    4.165500e-01    7.202048e+00    1.001575e+00    8.048167e-01    
2.693237e+00    6.177861e-01    4.971003e+00    1.191832e+01    5.579263e+03    
1.653840e+00    1.563272e-01    5.416065e+00    1.310353e+00    1.585902e+02    
-5.433685e-01    6.256658e-01    4.529478e+00    1.009337e+00    4.771052e+00    
-4.333622e-01    -9.162046e-01    6.915632e+00    1.470346e+00    2.403469e+02    
3.708336e-01    -8.385639e-01    4.923912e+00    1.414893e+00    2.120103e+02    
-3.963421e-02    -1.025249e+00    5.464527e+00    1.468925e+00    2.396208e+02    
1.880293e+00    3.893305e-01    5.118759e+00    1.200581e+01    5.623967e+03    
-1.670940e+00    -1.386595e+00    5.554728e+00    1.372579e+00    1.903879e+02    
-2.850861e-01    1.423183e+00    6.432087e+00    1.305460e+00    1.560900e+02    
-4.458760e-01    -5.910937e-01    6.938726e+00    1.001621e+00    8.281830e-01    
-1.410395e-01    -9.552611e-02    5.775733e+00    1.002280e+00    1.165273e+00    
4.079420e+00    1.786777e+00    4.999859e+00    1.127377e+01    5.249895e+03    
1.490589e+00    1.197427e+00    4.970777e+00    1.193542e+01    5.588000e+03    
1.183930e-01    2.436162e+00    4.997873e+00    1.128988e+01    5.258127e+03    
2.073149e+00    -1.001002e+00    6.494553e+00    1.430274e+00    2.198698e+02    
-7.954722e-01    -5.076739e-01    6.535047e+00    1.454215e+00    2.321037e+02    
-2.737239e-01    8.225267e-01    4.911384e+00    1.416020e+00    2.125861e+02    
-1.202154e+00    9.722400e-01    6.048544e+00    1.367571e+00    1.878287e+02    
1.084592e+00    9.320391e-01    5.196807e+00    1.194448e+01    5.592629e+03    
-1.267880e+00    1.239968e+00    6.400874e+00    1.448562e+00    2.292154e+02    
1.229920e+00    -5.568939e-01    5.355269e+00    1.303394e+00    1.550345e+02    
-1.942164e+00    7.620749e-01    5.162990e+00    1.411806e+00    2.104329e+02    
1.430485e+00    3.290056e-01    5.837772e+00    1.003398e+00    1.736243e+00    
1.403389e-01    8.262626e-01    4.554114e+00    1.414480e+00    2.117993e+02    
-3.327112e-01    -1.041587e-02    5.373269e+00    1.009324e+00    4.764761e+00    
2.040051e+00    8.517222e-02    4.883544e+00    1.201924e+01    5.630833e+03    
1.659358e+00    1.152203e+00    4.968986e+00    1.671702e+00    3.432398e+02    
2.413149e+00    5.339151e-01    5.053995e+00    1.198896e+01    5.615361e+03    
1.286076e+00    1.749778e-02    5.125254e+00    1.197652e+01    5.609000e+03    
2.448429e-01    -1.344944e+00    4.288128e+00    1.397298e+00    2.030193e+02    
8.402011e-01    6.443443e-01    6.186932e+00    1.446563e+00    2.281936e+02    
2.382560e+00    7.639581e-01    5.088646e+00    1.194461e+01    5.592696e+03    
1.034097e+00    3.045114e+00    4.992649e+00    1.124835e+01    5.236904e+03    
2.562161e+00    8.984908e-01    4.885369e+00    1.188427e+01    5.561861e+03    
1.013611e+00    1.411084e-02    4.883787e+00    1.401688e+00    2.052624e+02    
-1.752338e+00    -5.526859e-01    5.307133e+00    1.233340e+00    1.192369e+02    
2.304552e+00    1.175041e+00    5.052563e+00    1.195682e+01    5.598935e+03    
1.030563e+00    7.033498e-01    3.884391e+00    1.359581e+00    1.837458e+02    
